5.726726427674293518e-01 2.645141482353210449e-01 2.644634842872619629e-01
2.064106799662113190e-01 1.046909838914871216e-01 1.051643416285514832e-01
8.052255678921937943e-02 6.741160154342651367e-02 6.786388158798217773e-02
6.068522785790264606e-02 5.803834274411201477e-02 5.825690552592277527e-02
5.594247346743941307e-02 5.442200601100921631e-02 5.464198812842369080e-02
5.332115199416875839e-02 5.215732008218765259e-02 5.242281407117843628e-02
5.127495341002941132e-02 5.025469511747360229e-02 5.053028464317321777e-02
4.929085611365735531e-02 4.825235903263092041e-02 4.854110628366470337e-02
4.722275631502270699e-02 4.609892889857292175e-02 4.640376195311546326e-02
4.499828745611011982e-02 4.377917572855949402e-02 4.409600049257278442e-02
4.260162496939301491e-02 4.128045961260795593e-02 4.161273688077926636e-02
3.999748174101114273e-02 3.853775560855865479e-02 3.885666280984878540e-02
3.715659747831523418e-02 3.551585599780082703e-02 3.588423132896423340e-02
3.404218633659183979e-02 3.226116299629211426e-02 3.257223218679428101e-02
3.065980295650660992e-02 2.872955054044723511e-02 2.902780100703239441e-02
2.698570734355598688e-02 2.489896677434444427e-02 2.517742663621902466e-02
2.305985661223530769e-02 2.078447118401527405e-02 2.109975740313529968e-02
1.892349973786622286e-02 1.658618263900279999e-02 1.695579104125499725e-02
1.467122981557622552e-02 1.228751149028539658e-02 1.268293615430593491e-02
1.050089352065697312e-02 8.484266698360443115e-03 8.721860125660896301e-03
6.991340866079553962e-03 5.484662018716335297e-03 5.606534890830516815e-03
4.637744117644615471e-03 3.837003139778971672e-03 3.891855711117386818e-03
3.575722250388935208e-03 3.359158523380756378e-03 3.400262212380766869e-03
3.281151119153946638e-03 3.150547388941049576e-03 3.200820647180080414e-03
3.096725398791022599e-03 2.967918990179896355e-03 3.020460950210690498e-03
2.924099637311883271e-03 2.808840246871113777e-03 2.854881109669804573e-03
2.770020466414280236e-03 2.662355313077569008e-03 2.708761952817440033e-03
2.632018527947366238e-03 2.531731966882944107e-03 2.582089509814977646e-03
2.509318816009908915e-03 2.410985995084047318e-03 2.464434830471873283e-03
2.401018835371360183e-03 2.306127222254872322e-03 2.356300828978419304e-03
2.299959509400650859e-03 2.208233345299959183e-03 2.270374447107315063e-03
2.204917909693904221e-03 2.111882902681827545e-03 2.175890142098069191e-03
2.118023243383504450e-03 2.027108799666166306e-03 2.082129009068012238e-03
2.032926713582128286e-03 1.939504989422857761e-03 1.994071062654256821e-03
1.951955578988417983e-03 1.859955023974180222e-03 1.905812881886959076e-03
1.871460983238648623e-03 1.783148152753710747e-03 1.826995750889182091e-03
1.795171279809437692e-03 1.711089164018630981e-03 1.757352147251367569e-03
1.720508029393386096e-03 1.643689582124352455e-03 1.688649062998592854e-03
1.651213031436782330e-03 1.578043913468718529e-03 1.617268426343798637e-03
1.581770913617219776e-03 1.509081455878913403e-03 1.545513630844652653e-03
1.514660296379588544e-03 1.443019253201782703e-03 1.483448315411806107e-03
1.452205404348205775e-03 1.385015901178121567e-03 1.419537235051393509e-03
1.388895318086724728e-03 1.331954728811979294e-03 1.359798712655901909e-03
1.332122330495622009e-03 1.276768278330564499e-03 1.295922207646071911e-03
1.274824317079037428e-03 1.220127451233565807e-03 1.240192563273012638e-03
1.216143151395954192e-03 1.169830560684204102e-03 1.185332192108035088e-03
1.161610191047657281e-03 1.122528454288840294e-03 1.137300045229494572e-03
1.112951977120246738e-03 1.078820670954883099e-03 1.087484764866530895e-03
1.063607771357055753e-03 1.032957807183265686e-03 1.039622817188501358e-03
1.017883165332023054e-03 9.923097677528858185e-04 1.000784919597208500e-03
9.736713946040254086e-04 9.506088099442422390e-04 9.583334904164075851e-04
9.328489577455911785e-04 9.111532126553356647e-04 9.154414874501526356e-04
8.956499186751898378e-04 8.776819449849426746e-04 8.782973745837807655e-04
8.598295462434180081e-04 8.448363514617085457e-04 8.455482311546802521e-04
8.260743124992586672e-04 8.095122175291180611e-04 8.116032695397734642e-04
7.948663333081640303e-04 7.763950852677226067e-04 7.789717055857181549e-04
7.651713385712355375e-04 7.492920849472284317e-04 7.516505429521203041e-04
7.388723388430662453e-04 7.241817656904459000e-04 7.233857759274542332e-04
7.139719673432409763e-04 7.001321646384894848e-04 6.997313466854393482e-04
6.901913693582173437e-04 6.782674463465809822e-04 6.767085287719964981e-04
6.684897562081459910e-04 6.556052831001579762e-04 6.527497316710650921e-04
6.472349086834583431e-04 6.374062504619359970e-04 6.340078543871641159e-04
6.279635672399308532e-04 6.193612935021519661e-04 6.149180699139833450e-04
6.101686522015370429e-04 6.027731578797101974e-04 5.992270307615399361e-04
5.931016021349932998e-04 5.872983601875603199e-04 5.843195831403136253e-04
5.767540424130856991e-04 5.729259573854506016e-04 5.669345846399664879e-04
5.617408605758100748e-04 5.562719888985157013e-04 5.539537523873150349e-04
5.480690124386455864e-04 5.424005212262272835e-04 5.413525504991412163e-04
5.348159247660078108e-04 5.289514665491878986e-04 5.262926570139825344e-04
5.220876737439539284e-04 5.172565579414367676e-04 5.139144486747682095e-04
5.104791416670195758e-04 5.051170592196285725e-04 5.022509139962494373e-04
4.991677542420802638e-04 4.941333900205790997e-04 4.896360915154218674e-04
4.880361975665437058e-04 4.839293833356350660e-04 4.790480015799403191e-04
4.770479226863244548e-04 4.737792769446969032e-04 4.685310123022645712e-04
4.661650582420406863e-04 4.636417143046855927e-04 4.582658293657004833e-04
4.560297893476672471e-04 4.535803454928100109e-04 4.484276578295975924e-04
4.462333254195982590e-04 4.433181602507829666e-04 4.388845409266650677e-04
4.363639091025106609e-04 4.334009136073291302e-04 4.291773075237870216e-04
4.269216060492908582e-04 4.241833812557160854e-04 4.199161485303193331e-04
4.177997016086010262e-04 4.140004748478531837e-04 4.109875881113111973e-04
4.086101689608767629e-04 4.047035472467541695e-04 4.015565500594675541e-04
3.996986160927917808e-04 3.959437017329037189e-04 3.930133825633674860e-04
3.907008358510211110e-04 3.869283827953040600e-04 3.841192228719592094e-04
3.818195582425687462e-04 3.785248263739049435e-04 3.756283549591898918e-04
3.730076568899676204e-04 3.699208027683198452e-04 3.672570455819368362e-04
3.643028703663730994e-04 3.609122650232166052e-04 3.589408006519079208e-04
3.556903611752204597e-04 3.523775376379489899e-04 3.506201028358191252e-04
3.473092256172094494e-04 3.441631561145186424e-04 3.422325826250016689e-04
3.390923411643598229e-04 3.359614056535065174e-04 3.342211130075156689e-04
3.308298000774811953e-04 3.270612214691936970e-04 3.263417747803032398e-04
3.227767083444632590e-04 3.192673902958631516e-04 3.184140659868717194e-04
3.147464576613856480e-04 3.114391001872718334e-04 3.109662793576717377e-04
3.067112484131939709e-04 3.040696610696613789e-04 3.035172412637621164e-04
2.988733158417744562e-04 2.966451284009963274e-04 2.960212877951562405e-04
2.911500923801213503e-04 2.892554330173879862e-04 2.884803107008337975e-04
2.836194271367276087e-04 2.818974317051470280e-04 2.810175647027790546e-04
2.763230986602138728e-04 2.744343946687877178e-04 2.737248141784220934e-04
2.692600319278426468e-04 2.674341958481818438e-04 2.666529617272317410e-04
2.624054304760647938e-04 2.606013440527021885e-04 2.597043057903647423e-04
2.557372135925106704e-04 2.537709078751504421e-04 2.529271005187183619e-04
2.492121229806798510e-04 2.473161148373037577e-04 2.464606077410280704e-04
2.428558082101517357e-04 2.406547428108751774e-04 2.402578538749366999e-04
2.367506840528221801e-04 2.345774410059675574e-04 2.341002400498837233e-04
2.307950881004217081e-04 2.286873350385576487e-04 2.282344648847356439e-04
2.250766137876780704e-04 2.229195379186421633e-04 2.225803909823298454e-04
2.195995557485730387e-04 2.174357359763234854e-04 2.170562802348285913e-04
2.143127594536053948e-04 2.120953868143260479e-04 2.118664851877838373e-04
2.092404647555667907e-04 2.069941256195306778e-04 2.068685716949403286e-04
2.043725498879211955e-04 2.020783722400665283e-04 2.020823885686695576e-04
1.997362296606297605e-04 1.974340120796114206e-04 1.975359191419556737e-04
1.953133814822649583e-04 1.929589343490079045e-04 1.931843289639800787e-04
1.911369236040627584e-04 1.887402031570672989e-04 1.889873383333906531e-04
1.872037428256589919e-04 1.846786180976778269e-04 1.849899126682430506e-04
1.835036146076163277e-04 1.809902605600655079e-04 1.813390117604285479e-04
1.799286092136753723e-04 1.777530706021934748e-04 1.780995808076113462e-04
1.764060971254366450e-04 1.753355754772201180e-04 1.757121935952454805e-04
1.728825200189021416e-04 1.731901429593563080e-04 1.738420396577566862e-04
1.693943586360546760e-04 1.700565917417407036e-04 1.707585906842723489e-04
1.662480171944480389e-04 1.667705219006165862e-04 1.675337553024291992e-04
1.634340769669506699e-04 1.639845577301457524e-04 1.650635385885834694e-04
1.607885596968117170e-04 1.613240456208586693e-04 1.627283490961417556e-04
1.583019402460195124e-04 1.590668398421257734e-04 1.602930715307593346e-04
1.559952934258035384e-04 1.567404542583972216e-04 1.580035605002194643e-04
1.538134010843350552e-04 1.549592561786994338e-04 1.561022072564810514e-04
1.518141116321203299e-04 1.530367735540494323e-04 1.540701341582462192e-04
1.498616165918065235e-04 1.511062146164476871e-04 1.525467669125646353e-04
1.480784176237648353e-04 1.491858420195057988e-04 1.506558619439601898e-04
1.465144587200484239e-04 1.471682335250079632e-04 1.486809051129966974e-04
1.449206156394211575e-04 1.449419069103896618e-04 1.462421496398746967e-04
1.433688958059065044e-04 1.432657882105559111e-04 1.445964880986139178e-04
1.419207655999343842e-04 1.429753901902586222e-04 1.447447430109605193e-04
1.410811792084132321e-04 1.437554165022447705e-04 1.457488688174635172e-04
1.455902538509690203e-04 1.739864819683134556e-04 1.728985807858407497e-04
2.599701037979684770e-04 4.434753500390797853e-04 4.359501763246953487e-04
2.192361298511968926e-04 1.731784723233431578e-04 1.743994216667488217e-04
1.523932805866934359e-04 1.763267791830003262e-04 1.742619788274168968e-04
1.521738176961662248e-04 1.466479152441024780e-04 1.477859332226216793e-04
1.552787434775382280e-04 2.455359208397567272e-04 2.413629117654636502e-04
3.330186373204924166e-04 1.919017522595822811e-04 1.919748901855200529e-04
1.576650520291877910e-04 1.337119756499305367e-04 1.349674421362578869e-04
1.417048615621752106e-04 1.729962823446840048e-04 1.703508460195735097e-04
1.736230633468949236e-04 2.433996705804020166e-04 2.386082487646490335e-04
2.554894654167583212e-04 2.468572347424924374e-04 2.411599125480279326e-04
1.522007642051903531e-04 1.288315106648951769e-04 1.303819299209862947e-04
1.364853742416016757e-04 1.399296161253005266e-04 1.412454585079103708e-04
2.702586380110005848e-04 5.309917614795267582e-04 5.317718605510890484e-04
3.117545793429599144e-04 2.958541736006736755e-04 2.897533995565026999e-04
1.669311113801086321e-04 1.376692962367087603e-04 1.389992103213444352e-04
1.329626929873484187e-04 1.518811623100191355e-04 1.510547881480306387e-04
1.373127561237197369e-04 1.485472312197089195e-04 1.477606419939547777e-04
2.007135990425013006e-04 4.650410264730453491e-04 4.564478294923901558e-04
3.302667710158857517e-04 1.592225162312388420e-04 1.604890276212245226e-04
1.556496617922675796e-04 1.499583595432341099e-04 1.492291630711406469e-04
1.409899459758889861e-04 1.345886994386091828e-04 1.358156296191737056e-04
1.306764843320706859e-04 1.669102057348936796e-04 1.639677357161417603e-04
3.469236080491100438e-04 6.777049857191741467e-04 6.625945679843425751e-04
2.697704007914580870e-04 1.631594495847821236e-04 1.644617586862295866e-04
1.444445106244529597e-04 1.326507190242409706e-04 1.337166177108883858e-04
1.216114042108529247e-04 1.184177308459766209e-04 1.201654667966067791e-04
1.182934724965889473e-04 1.233764196513220668e-04 1.246757456101477146e-04
1.699897093203617260e-04 4.752384847961366177e-04 4.660008708015084267e-04
4.694171902883681469e-04 2.511715574655681849e-04 2.524933079257607460e-04
1.902406497720221523e-04 1.664675073698163033e-04 1.634229265619069338e-04
1.264696988982905168e-04 1.146763825090602040e-04 1.168523449450731277e-04
1.201702789330738597e-04 1.229741465067490935e-04 1.244298618985339999e-04
1.166424976872804109e-04 1.211791386594995856e-04 1.223854778800159693e-04
1.574020161569933407e-04 4.021065542474389076e-04 3.947066143155097961e-04
4.664530824811663479e-04 1.835552393458783627e-04 1.848342653829604387e-04
1.825793024181621149e-04 1.898995251394808292e-04 1.889940613182261586e-04
1.289080573769751936e-04 1.157568913185968995e-04 1.170815958175808191e-04
1.156791145149327349e-04 1.260065182577818632e-04 1.271037617698311806e-04
1.258158886230376083e-04 1.611936604604125023e-04 1.586308062542229891e-04
3.016227137777605094e-04 6.424059392884373665e-04 6.274851621128618717e-04
2.748521569628792349e-04 1.965661067515611649e-04 1.979614899028092623e-04
1.435792537449742667e-04 1.614674838492646813e-04 1.588702143635600805e-04
1.212846823364088777e-04 1.092468664865009487e-04 1.112099416786804795e-04
1.152882509813935030e-04 1.175727957161143422e-04 1.188076785183511674e-04
2.442936088300484698e-04 6.109145469963550568e-04 6.110630929470062256e-04
4.076198224538529757e-04 3.455854021012783051e-04 3.407975309528410435e-04
1.696753779469872825e-04 1.148356241174042225e-04 1.159776002168655396e-04
1.180307872346020304e-04 1.119499065680429339e-04 1.136971404775977135e-04
1.082117587429820560e-04 1.061557559296488762e-04 1.081300870282575488e-04
1.071529172804730479e-04 1.057304907590150833e-04 1.078065688489004970e-04
1.061542111528979149e-04 1.053911983035504818e-04 1.068805941031314433e-04
1.255695647159882355e-04 2.672567206900566816e-04 2.684628416318446398e-04
9.234778399331844412e-04 9.164254297502338886e-04 9.053695830516517162e-04
3.099957530139363371e-04 1.589360326761379838e-04 1.560462260385975242e-04
1.336635982625011820e-04 1.068285855581052601e-04 1.081962836906313896e-04
1.109021904994733632e-04 1.046575198415666819e-04 1.064176758518442512e-04
1.050304913405852858e-04 1.028532351483590901e-04 1.046195393428206444e-04
1.035276450238598045e-04 1.025868259603157640e-04 1.046545294229872525e-04
1.029560335155110806e-04 1.022922660922631621e-04 1.046192774083465338e-04
1.026064614961796906e-04 1.021503485389985144e-04 1.043846204993315041e-04
1.023911704578495119e-04 1.022478681989014149e-04 1.042167423292994499e-04
1.024861630867235363e-04 1.061686343746259809e-04 1.081174559658393264e-04
1.345991645393951330e-04 3.298120864201337099e-04 3.270646557211875916e-04
5.041062759119085968e-04 1.331909152213484049e-04 1.342614996246993542e-04
1.765840347616176587e-04 1.846469240263104439e-04 1.841504417825490236e-04
1.197535507344582584e-04 1.023626973619684577e-04 1.036214089253917336e-04
1.045082121891027782e-04 1.078165660146623850e-04 1.093918472179211676e-04
1.012441907732863910e-04 1.005218800855800509e-04 1.024019366013817489e-04
1.038046516441681888e-04 1.377964945277199149e-04 1.363482151646167040e-04
5.090506301712593995e-04 9.294499177485704422e-04 9.180846973322331905e-04
2.923818042290804442e-04 1.859216135926544666e-04 1.849216350819915533e-04
1.436790012121491600e-04 9.863826562650501728e-05 1.005509548122063279e-04
1.051607273439003620e-04 1.008436229312792420e-04 1.020846830215305090e-04
1.002699750642932486e-04 1.021338466671295464e-04 1.042361400322988629e-04
9.822638094192370772e-05 9.720282105263322592e-05 9.866464097285643220e-05
9.741866915646824054e-05 9.686692646937444806e-05 9.894377581076696515e-05
9.709093183118966408e-05 9.769920870894566178e-05 9.939874871633946896e-05
1.367791342090640683e-04 5.295659648254513741e-04 5.175414262339472771e-04
9.138527611867175438e-04 4.625504661817103624e-04 4.623344866558909416e-04
2.371067953390593175e-04 9.660383511800318956e-05 9.834094089455902576e-05
1.213861291944340337e-04 1.190604234579950571e-04 1.203943684231489897e-04
1.022376368382538203e-04 1.036824469338171184e-04 1.055361208273097873e-04
9.650900028645992279e-05 9.763418347574770451e-05 9.971753024728968740e-05
9.529752651360468008e-05 9.467601194046437740e-05 9.700327063910663128e-05
9.489182684774277732e-05 9.437579865334555507e-05 9.583801147527992725e-05
9.456048474021372385e-05 9.439143468625843525e-05 9.663236414780840278e-05
9.434458615942276083e-05 9.418018453288823366e-05 9.642242366680875421e-05
9.454996006752480753e-05 9.793378558242693543e-05 1.000690535875037313e-04
1.342798241239506751e-04 3.961171023547649384e-04 3.884670441038906574e-04
5.382209897106804419e-04 2.577877312432974577e-04 2.584989415481686592e-04
1.908844606077764183e-04 1.063787349266931415e-04 1.075363106792792678e-04
1.037562656165391672e-04 1.075894688256084919e-04 1.086584088625386357e-04
9.704321564640849829e-05 9.373264038003981113e-05 9.508525545243173838e-05
9.335705453850096092e-05 9.515826241113245487e-05 9.728481381898745894e-05
9.494756068306742236e-05 1.034069573506712914e-04 1.049514103215187788e-04
1.688533757260302082e-04 5.363360978662967682e-04 5.234547425061464310e-04
4.420635868882527575e-04 2.427495492156594992e-04 2.435658243484795094e-04
1.624293790882802568e-04 1.217909593833610415e-04 1.217979734065011144e-04
1.006153052003355697e-04 9.112800762522965670e-05 9.334680362371727824e-05
9.463706010137684643e-05 9.378603863297030330e-05 9.589448018232360482e-05
9.103959291678620502e-05 9.053653047885745764e-05 9.260677325073629618e-05
9.054833753907587379e-05 9.032113302964717150e-05 9.179492917610332370e-05
9.894989534586784430e-05 1.513324968982487917e-04 1.524792751297354698e-04
7.952097048473660834e-04 3.484334447421133518e-04 3.422005102038383484e-04
2.839830244738550391e-04 2.400800294708460569e-04 2.350512077100574970e-04
1.285304479097248986e-04 1.139522937592118979e-04 1.150275274994783103e-04
9.574406340107088909e-05 9.176177263725548983e-05 9.388739999849349260e-05
9.021514097184990533e-05 9.026140469359233975e-05 9.216155012836679816e-05
8.902960917112068273e-05 8.908231393434107304e-05 9.132246486842632294e-05
8.877155960362870246e-05 8.856807835400104523e-05 9.024099563248455524e-05
8.851495567796519026e-05 8.851936581777408719e-05 9.077282447833567858e-05
8.827605051919817924e-05 8.825777331367135048e-05 9.032183879753574729e-05
8.811889119897386990e-05 8.853938197717070580e-05 9.077400318346917629e-05
9.451059031562181190e-05 1.544038386782631278e-04 1.526404957985505462e-04
6.492260154118412174e-04 1.951334415934979916e-04 1.900295756058767438e-04
2.194464746025914792e-04 1.574676716700196266e-04 1.551457098685204983e-04
1.138449433710775338e-04 1.092029560822993517e-04 1.108238939195871353e-04
