4.862256459891796112e-01 2.915146350860595703e-01 2.972090244293212891e-01
1.928878286853432655e-01 9.899841248989105225e-02 1.003410145640373230e-01
7.542312028817832470e-02 6.308008730411529541e-02 6.309577077627182007e-02
6.119131250306963921e-02 6.001544371247291565e-02 5.976115167140960693e-02
5.801932048052549362e-02 5.730985850095748901e-02 5.723369121551513672e-02
5.589048145338892937e-02 5.512425303459167480e-02 5.503603070974349976e-02
5.358674190938472748e-02 5.285086855292320251e-02 5.269715189933776855e-02
5.127178621478378773e-02 5.045799911022186279e-02 5.031790956854820251e-02
4.881673399358987808e-02 4.792472347617149353e-02 4.778387770056724548e-02
4.618056211620569229e-02 4.518210142850875854e-02 4.504556953907012939e-02
4.330146266147494316e-02 4.216497018933296204e-02 4.206446558237075806e-02
4.010986932553350925e-02 3.883342072367668152e-02 3.869241476058959961e-02
3.651017695665359497e-02 3.494306653738021851e-02 3.479995578527450562e-02
3.236796520650386810e-02 3.039427846670150757e-02 3.022956661880016327e-02
2.747596788685768843e-02 2.501896582543849945e-02 2.480399608612060547e-02
2.167594782076776028e-02 1.856057532131671906e-02 1.834797672927379608e-02
1.485896564554423094e-02 1.092682592570781708e-02 1.088935602456331253e-02
7.530839939136058092e-03 3.902031108736991882e-03 3.842321690171957016e-03
2.763666998362168670e-03 2.293978817760944366e-03 2.306777285411953926e-03
2.237014661659486592e-03 2.149467356503009796e-03 2.131633227691054344e-03
2.129778033122420311e-03 2.020434942096471786e-03 1.984500791877508163e-03
1.943920695339329541e-03 1.825537998229265213e-03 1.804483821615576744e-03
1.793378680304158479e-03 1.719209365546703339e-03 1.700852531939744949e-03
1.693775062449276447e-03 1.623805845156311989e-03 1.609144033864140511e-03
1.597929207491688430e-03 1.535272225737571716e-03 1.514290226623415947e-03
1.508377987192943692e-03 1.449499977752566338e-03 1.434015808627009392e-03
1.423867084668017924e-03 1.368331490084528923e-03 1.355061773210763931e-03
1.344205666100606322e-03 1.294240588322281837e-03 1.276935916393995285e-03
1.268479973077774048e-03 1.211157999932765961e-03 1.196794793941080570e-03
1.192274568893481046e-03 1.132363919168710709e-03 1.129804179072380066e-03
1.120143620937597007e-03 1.069128164090216160e-03 1.056249253451824188e-03
1.050488164764828980e-03 1.009906642138957977e-03 1.001802971586585045e-03
9.832056457526050508e-04 9.434907697141170502e-04 9.404672309756278992e-04
9.220688843925017864e-04 8.799231727607548237e-04 8.779761847108602524e-04
8.672405492688994855e-04 8.294051513075828552e-04 8.305013179779052734e-04
8.175451330316718668e-04 7.792270043864846230e-04 7.872143760323524475e-04
7.725503455731086433e-04 7.415770087391138077e-04 7.486041286028921604e-04
7.328545216296333820e-04 7.079661590978503227e-04 7.164825219660997391e-04
6.989408648223616183e-04 6.754463538527488708e-04 6.779616815038025379e-04
6.749507592758163810e-04 6.271179299801588058e-04 6.311286124400794506e-04
6.511595165648031980e-04 5.997705738991498947e-04 6.032815435901284218e-04
6.155371847853530198e-04 5.887335282750427723e-04 5.927502643316984177e-04
5.748911062255501747e-04 5.468472954817116261e-04 5.516273668035864830e-04
5.473454257298726588e-04 5.351347499527037144e-04 5.396412452682852745e-04
5.593396963377017528e-04 6.645977846346795559e-04 6.675620097666978836e-04
6.074422326491912827e-04 4.983824328519403934e-04 5.032636108808219433e-04
5.244947587925707921e-04 5.005373386666178703e-04 5.047991871833801270e-04
4.642675212380709127e-04 4.357517464086413383e-04 4.398742748890072107e-04
4.437105944816721603e-04 4.247804754413664341e-04 4.296216065995395184e-04
5.704684099328005686e-04 7.545267581008374691e-04 7.600454846397042274e-04
5.196305100980680436e-04 3.816202806774526834e-04 3.858013078570365906e-04
4.241831757099134848e-04 4.020300693809986115e-04 4.062226216774433851e-04
3.748358194570755586e-04 3.511197282932698727e-04 3.557052696123719215e-04
3.534702082106377929e-04 3.433754900470376015e-04 3.479955194052308798e-04
3.490049966785591096e-04 3.868899075314402580e-04 3.917397698387503624e-04
5.656759858538862318e-04 3.067381912842392921e-04 3.106370568275451660e-04
3.958801517001120374e-04 3.516755532473325729e-04 3.558266907930374146e-04
3.153481884510256350e-04 3.005302278324961662e-04 3.042784810531884432e-04
2.842766898538684472e-04 2.710787230171263218e-04 2.741396310739219189e-04
2.715950777201214805e-04 2.675596042536199093e-04 2.707484527491033077e-04
2.826294585247524083e-04 3.621406503953039646e-04 3.681500093080103397e-04
4.783100921486038715e-04 2.422194957034662366e-04 2.447129518259316683e-04
3.089856927545042709e-04 2.951390342786908150e-04 2.982500591315329075e-04
2.428650077490601689e-04 2.218600129708647728e-04 2.237990993307903409e-04
2.234599678558879532e-04 2.235162392025813460e-04 2.255289291497319937e-04
2.265252669531037100e-04 2.621282474137842655e-04 2.650415699463337660e-04
4.618389411916723475e-04 3.063070471398532391e-04 3.087107907049357891e-04
2.640354259710875340e-04 2.366372500546276569e-04 2.389451547060161829e-04
2.046311183221405372e-04 1.895550813060253859e-04 1.906931283883750439e-04
1.866451684691128321e-04 1.846053637564182281e-04 1.858785981312394142e-04
1.850098460636218078e-04 1.965849078260362148e-04 1.979195803869515657e-04
3.941211325582116842e-04 7.118394132703542709e-04 7.235596422106027603e-04
2.944428379123564810e-04 1.632641942705959082e-04 1.642006827751174569e-04
1.741037822284852155e-04 1.651379570830613375e-04 1.656468084547668695e-04
1.646155524213099852e-04 1.575399364810436964e-04 1.583719131303951144e-04
1.587724700584658422e-04 1.614918583072721958e-04 1.625173899810761213e-04
2.346025567021570168e-04 5.461666150949895382e-04 5.512443603947758675e-04
4.152382953179767355e-04 2.911221235990524292e-04 2.905118744820356369e-04
1.897781030493206345e-04 1.402697816956788301e-04 1.406255178153514862e-04
1.506839671492343768e-04 1.436629681847989559e-04 1.445817179046571255e-04
1.387491047353250906e-04 1.328086655121296644e-04 1.330850063823163509e-04
1.353244342681136914e-04 1.361611211905255914e-04 1.362261536996811628e-04
2.444355613988591358e-04 6.241936935111880302e-04 6.249028374440968037e-04
4.634526649169856682e-04 2.490036131348460913e-04 2.493815845809876919e-04
1.760599579938570969e-04 1.661859423620626330e-04 1.672690559644252062e-04
1.357592418571584858e-04 1.268909545615315437e-04 1.272743102163076401e-04
1.227860243488976266e-04 1.184919528895989060e-04 1.185278742923401296e-04
1.188381479551026132e-04 1.177202357212081552e-04 1.177286030724644661e-04
1.172026700260175858e-04 1.155687859863974154e-04 1.154682759079150856e-04
1.167576374427881092e-04 1.223695144290104508e-04 1.237539108842611313e-04
5.230946253504953347e-04 1.307884929701685905e-03 1.316822948865592480e-03
4.135315994062693790e-04 1.988957083085551858e-04 2.005580608965829015e-04
1.641440367166069336e-04 1.189515896840021014e-04 1.185490327770821750e-04
1.243785468432179186e-04 1.170141185866668820e-04 1.166286820080131292e-04
1.109133463614853099e-04 1.084125542547553778e-04 1.080685469787567854e-04
1.078760187738225795e-04 1.054343883879482746e-04 1.059903588611632586e-04
1.069465911314182449e-04 1.074481333489529788e-04 1.079468347597867250e-04
1.052995817190094385e-04 1.044505115714855492e-04 1.051477593136951327e-04
1.033857442962471396e-04 1.028078258968889713e-04 1.032182553899474442e-04
1.027839189191581681e-04 1.029686391120776534e-04 1.031962456181645393e-04
1.307100874328170903e-04 2.657423610799014568e-04 2.645417116582393646e-04
5.980812147754477337e-04 5.051487241871654987e-04 5.109998164698481560e-04
2.153175946659757756e-04 1.676536921877413988e-04 1.683207228779792786e-04
1.228758956131059676e-04 1.068913261406123638e-04 1.079091161955147982e-04
1.058862249010417145e-04 1.014988665701821446e-04 1.023839577101171017e-04
1.010739124467363581e-04 1.022393771563656628e-04 1.027927937684580684e-04
9.846352440945338458e-05 9.676333138486370444e-05 9.728909208206459880e-05
9.636838103688205592e-05 9.560336911818012595e-05 9.592635615263134241e-05
9.569622534399968572e-05 9.527968359179794788e-05 9.545314242132008076e-05
9.781733797353808768e-05 1.060235226759687066e-04 1.053847008734010160e-04
3.573754675016971305e-04 8.774727466516196728e-04 8.768473635427653790e-04
3.089032761636190116e-04 1.048009653459303081e-04 1.043200463755056262e-04
1.257745466318738181e-04 9.987069643102586269e-05 1.003759098239243031e-04
1.007348278108111117e-04 1.020547715597786009e-04 1.030003913911059499e-04
9.551260609441669658e-05 9.166442760033532977e-05 9.196452447213232517e-05
9.167457574221771210e-05 9.117211448028683662e-05 9.136198787018656731e-05
9.266986853617709130e-05 9.448945638723671436e-05 9.396795212524011731e-05
1.325570833614619914e-04 2.760463394224643707e-04 2.748616097960621119e-04
4.565694484881532844e-04 2.809578436426818371e-04 2.827788703143596649e-04
1.707470164546975866e-04 9.338249219581484795e-05 9.408004552824422717e-05
1.014191293506883085e-04 9.071030945051461458e-05 9.039230644702911377e-05
8.977610559668391943e-05 8.905104914447292686e-05 8.904877176973968744e-05
8.910897759051294997e-05 8.832498861011117697e-05 8.867330325301736593e-05
8.868936492945067585e-05 8.882623660610988736e-05 8.880758105078712106e-05
9.918336854752851650e-05 1.300989679293707013e-04 1.293439709115773439e-04
4.173338966211304069e-04 2.851560711860656738e-04 2.839884546119719744e-04
1.614362404325220268e-04 1.367523364024236798e-04 1.359721645712852478e-04
1.060460135704488494e-04 9.040735312737524509e-05 9.076042624656111002e-05
9.176124331133905798e-05 8.861800597514957190e-05 8.878461085259914398e-05
8.778618484939215705e-05 8.850469021126627922e-05 8.870047167874872684e-05
9.161632851828471757e-05 9.757428051671013236e-05 9.772952034836634994e-05
1.676909296293160878e-04 3.761902626138180494e-04 3.750567848328500986e-04
3.488297334115486592e-04 2.290334377903491259e-04 2.306485548615455627e-04
1.351748810520803090e-04 8.894031634554266930e-05 8.903112029656767845e-05
8.911670374800451100e-05 8.791912841843441129e-05 8.805228571873158216e-05
8.743972148295142688e-05 8.590354991611093283e-05 8.597633132012560964e-05
8.454343696939758956e-05 8.416437776759266853e-05 8.463021367788314819e-05
9.090221374208340421e-05 1.189441682072356343e-04 1.182211417471989989e-04
5.180069560992706101e-04 2.178186550736427307e-04 2.169701328966766596e-04
2.067421050924167503e-04 1.201577397296205163e-04 1.194671203847974539e-04
1.052973193509387784e-04 8.740922203287482262e-05 8.736533345654606819e-05
8.598366866863216273e-05 8.349533891305327415e-05 8.363090455532073975e-05
8.252483803516952321e-05 8.237856673076748848e-05 8.267338853329420090e-05
8.265777614724356681e-05 8.215919660869985819e-05 8.228563092416152358e-05
8.260429103756905533e-05 8.213179535232484341e-05 8.166643965523689985e-05
8.401092009080457501e-05 8.512397471349686384e-05 8.473666093777865171e-05
1.295409851991280448e-04 2.765841491054743528e-04 2.759692142717540264e-04
4.073081222486507613e-04 2.230846148449927568e-04 2.235226274933665991e-04
1.493982395004422870e-04 8.109476766549050808e-05 8.065879956120625138e-05
8.893288213585037738e-05 8.513798093190416694e-05 8.469478052575141191e-05
8.139120063788141124e-05 8.035454084165394306e-05 7.996273780008777976e-05
8.239556109401746653e-05 8.002852700883522630e-05 7.970747537910938263e-05
8.251824010585551150e-05 8.275498112197965384e-05 8.238409645855426788e-05
1.372518759126251098e-04 3.108069358859211206e-04 3.103493072558194399e-04
3.783540159929543734e-04 2.268124517286196351e-04 2.270874101668596268e-04
1.386622138852544595e-04 7.882669888203963637e-05 7.857485616113990545e-05
8.443146043646265753e-05 8.110797352856025100e-05 8.075834193732589483e-05
8.137651457218453288e-05 7.891412678873166442e-05 7.883976650191470981e-05
8.230062439906760119e-05 8.491730841342359781e-05 8.447804430034011602e-05
1.275470435757597443e-04 1.890034473035484552e-04 1.884457888081669807e-04
2.491863810973882210e-04 9.090459207072854042e-05 9.084495104616507888e-05
1.032394570756878238e-04 8.011162572074681520e-05 7.984295370988547802e-05
1.539696468171314336e-04 1.206452507176436484e-04 1.201007980853319168e-04
9.414795840712031350e-05 1.227884204126894474e-04 1.271202199859544635e-04
1.808551878639264032e-04 2.560218563303351402e-04 2.570555661804974079e-04
2.785690503515070304e-04 2.828886499628424644e-04 2.784219686873257160e-04
1.706075568108644802e-04 7.713772356510162354e-05 7.689929043408483267e-05
1.281004565498733427e-04 8.054998033912852407e-05 8.031212928472086787e-05
9.319174978372757323e-05 9.689967555459588766e-05 9.639911149861291051e-05
1.469653243475477211e-04 1.219463447341695428e-04 1.215283118654042482e-04
1.537058005851577036e-04 1.393082493450492620e-04 1.386059157084673643e-04
1.354765945507097058e-04 2.234281273558735847e-04 2.287653915118426085e-04
2.474951106705702841e-04 1.030263738357461989e-04 1.030018611345440149e-04
1.965354595085955225e-04 1.128421645262278616e-04 1.131045282818377018e-04
1.202263733830477577e-04 9.655710891820490360e-05 9.611024870537221432e-05
1.257977928617037833e-04 7.503852975787594914e-05 7.470235141227021813e-05
9.304932837039814331e-05 1.011334461509250104e-04 1.007823375402949750e-04
2.011868064073496498e-04 1.929534919327124953e-04 1.897570909932255745e-04
2.053578255072352476e-04 2.266153023811057210e-04 2.272924466524273157e-04
2.267487307108240202e-04 1.666073803789913654e-04 1.668513432377949357e-04
1.025663364089268725e-04 1.064185053110122681e-04 1.073777457349933684e-04
8.441544241577503271e-05 8.238600275944918394e-05 8.197391434805467725e-05
3.078535000895499252e-04 4.186987353023141623e-04 4.190519102849066257e-04
1.792739335542137269e-04 9.896365372696891427e-05 9.887239139061421156e-05
1.185066535072110128e-04 1.307235361309722066e-04 1.310122752329334617e-04
1.127866266870114487e-04 9.805223089642822742e-05 9.766458970261737704e-05
1.237959781974495854e-04 1.793423434719443321e-04 1.783680636435747147e-04
1.487526633354718797e-04 9.445413888897746801e-05 9.421910363016650081e-05
2.034295516750717070e-04 2.560885041020810604e-04 2.571274526417255402e-04
1.894731058200704865e-04 1.063890231307595968e-04 1.060560898622497916e-04
1.796858855414029676e-04 2.198417641920968890e-04 2.213006664533168077e-04
1.568772718201216776e-04 1.194347350974567235e-04 1.189747927128337324e-04
8.621747474535368383e-05 7.727481715846806765e-05 7.749985525151714683e-05
1.053689534273871686e-04 1.038135233102366328e-04 1.034541637636721134e-04
1.489280812165816315e-04 9.821495041251182556e-05 9.784053690964356065e-05
1.348727942058758345e-04 2.192862011725082994e-04 2.164726902265101671e-04
2.118119450642552692e-04 2.629519731272011995e-04 2.648576046340167522e-04
2.308047451151651330e-04 2.570117358118295670e-04 2.565864124335348606e-04
1.240568044522660784e-04 1.007265382213518023e-04 9.976192086469382048e-05
9.380136316394782625e-05 8.828598220134153962e-05 8.790015272097662091e-05
1.559300271765096113e-04 1.045207973220385611e-04 1.042031217366456985e-04
1.291121880058199167e-04 1.333194959443062544e-04 1.334305561613291502e-04
1.268050386897812132e-04 2.273759891977533698e-04 2.288035757374018431e-04
2.208209962191176601e-04 1.261319266632199287e-04 1.267147599719464779e-04
1.727908961584034842e-04 1.268931664526462555e-04 1.265464525204151869e-04
1.544307101539743599e-04 1.721506268950179219e-04 1.723790483083575964e-04
2.098695149470586330e-04 3.150317061226814985e-04 3.126662923023104668e-04
1.616728195585892536e-04 1.130519958678632975e-04 1.129697193391621113e-04
1.118686714107752778e-04 9.233375021722167730e-05 9.196893370244652033e-05
1.173141108665731736e-04 9.910504741128534079e-05 9.879549907054752111e-05
1.571014036017004400e-04 1.374621497234329581e-04 1.372687402181327343e-04
1.288051421397540253e-04 8.349146082764491439e-05 8.320181223098188639e-05
1.086688071154640056e-04 1.646174641791731119e-04 1.641709532123059034e-04
1.924520688589836936e-04 3.226179687771946192e-04 3.288885054644197226e-04
2.111922622134443372e-04 1.046121906256303191e-04 1.042488729581236839e-04
1.532693768240278587e-04 7.992761675268411636e-05 7.967696001287549734e-05
1.039908961502078455e-04 1.062418887158855796e-04 1.059937785612419248e-04
1.405329840054037049e-04 7.710860518272966146e-05 7.670160266570746899e-05
1.059562246155110188e-04 1.273775123991072178e-04 1.271675864700227976e-04
2.556576309871161357e-04 5.032555200159549713e-04 4.931020084768533707e-04
2.643856751092243940e-04 2.180915907956659794e-04 2.184302720706909895e-04
1.421446891072264407e-04 7.066531543387100101e-05 7.027164974715560675e-05
1.091638719117327128e-04 1.121554450946860015e-04 1.126688148360699415e-04
8.431516562268370762e-05 7.720495341345667839e-05 7.680502312723547220e-05
1.123907472901919391e-04 7.681159331696107984e-05 7.642735727131366730e-05
1.282384628211730160e-04 1.030271596391685307e-04 1.027824328048154712e-04
1.550122956359700765e-04 2.831285819411277771e-04 2.814519684761762619e-04
2.886116949412098620e-04 1.997608051169663668e-04 1.999784144572913647e-04
2.185300754717900418e-04 9.553373092785477638e-05 9.544372733216732740e-05
1.217955837091722060e-04 8.661851461511105299e-05 8.529469778295606375e-05
8.475163576804334298e-05 8.080605766735970974e-05 8.050542237469926476e-05
1.195772174469311722e-04 9.522412437945604324e-05 9.495261474512517452e-05
1.378800984639383387e-04 1.148635565186850727e-04 1.146546346717514098e-04
1.544618144180276431e-04 1.044468081090599298e-04 1.042170188156887889e-04
1.076791154446254950e-04 9.470018994761630893e-05 9.451626101508736610e-05
1.353764373561716639e-04 1.853772264439612627e-04 1.856263988884165883e-04
1.880698655440937728e-04 2.661960897967219353e-04 2.706531668081879616e-04
1.538357946628821082e-04 1.313043467234820127e-04 1.312188105657696724e-04
1.455835886190470774e-04 2.097559045068919659e-04 2.119895070791244507e-04
1.496458985457138624e-04 1.048060366883873940e-04 1.044592791004106402e-04
1.919552591971296351e-04 3.044120385311543941e-04 3.030242514796555042e-04
1.858853370322322007e-04 1.224545994773507118e-04 1.222184364451095462e-04
1.738304090395104140e-04 1.091897429432719946e-04 1.077441265806555748e-04
1.057885751833964605e-04 7.399183959932997823e-05 7.369459490291774273e-05
1.160479987447615713e-04 6.695046613458544016e-05 6.650325667578727007e-05
9.935716389009030536e-05 9.460161527385935187e-05 9.436803520657122135e-05
1.532778319415228907e-04 9.111133113037794828e-05 9.083184704650193453e-05
9.630209024180658162e-05 9.375716035719960928e-05 9.356820373795926571e-05
1.707453989183704834e-04 4.202294512651860714e-04 4.037269973196089268e-04
2.235807351098628715e-04 8.052425255300477147e-05 8.011134923435747623e-05
