4.168773498386144638e-01 2.419003248214721680e-01 2.403373718261718750e-01
1.527376696467399597e-01 8.751273155212402344e-02 8.729721605777740479e-02
6.977403885684907436e-02 6.022249907255172729e-02 6.074281781911849976e-02
5.932763591408729553e-02 5.730623751878738403e-02 5.778602883219718933e-02
5.660388455726206303e-02 5.510487407445907593e-02 5.541418492794036865e-02
5.432937899604439735e-02 5.269575119018554688e-02 5.294726788997650146e-02
5.190957686863839626e-02 5.023219436407089233e-02 5.044245347380638123e-02
4.938354785554111004e-02 4.754020273685455322e-02 4.773660749197006226e-02
4.659025534056127071e-02 4.458901658654212952e-02 4.470445960760116577e-02
4.347999347373843193e-02 4.125010594725608826e-02 4.132479056715965271e-02
3.994393465109169483e-02 3.743544965982437134e-02 3.749132156372070312e-02
3.589050937443971634e-02 3.309760987758636475e-02 3.307721018791198730e-02
3.116479248274117708e-02 2.798058092594146729e-02 2.801512554287910461e-02
2.568672888446599245e-02 2.207975834608078003e-02 2.213294059038162231e-02
1.925170049071311951e-02 1.540236920118331909e-02 1.536217145621776581e-02
1.201805489836260676e-02 8.217558264732360840e-03 8.084773086011409760e-03
5.252972769085317850e-03 2.969876164570450783e-03 3.013697452843189240e-03
2.573027493781410158e-03 2.356729935854673386e-03 2.388258464634418488e-03
2.248573524411767721e-03 2.179105998948216438e-03 2.225046977400779724e-03
2.176410853280685842e-03 2.104055602103471756e-03 2.145574428141117096e-03
2.036727048107422888e-03 1.980467233806848526e-03 1.998951192945241928e-03
1.925611308251973242e-03 1.897371839731931686e-03 1.924657961353659630e-03
1.836970463045872748e-03 1.795971067622303963e-03 1.818789285607635975e-03
1.734937693981919438e-03 1.681595575064420700e-03 1.699895015917718410e-03
1.632003302802331746e-03 1.583101111464202404e-03 1.598864095285534859e-03
1.534179777081590146e-03 1.474193530157208443e-03 1.498180674389004707e-03
1.434296143997926265e-03 1.374558429233729839e-03 1.399010303430259228e-03
1.333083862846251577e-03 1.272810623049736023e-03 1.289146253839135170e-03
1.236291223904117942e-03 1.171880518086254597e-03 1.188825815916061401e-03
1.143300309195183218e-03 1.075890846550464630e-03 1.093973638489842415e-03
1.053034837241284549e-03 9.935859125107526779e-04 1.009064959362149239e-03
9.669037972344085574e-04 9.206834947690367699e-04 9.279733058065176010e-04
8.904984715627506375e-04 8.503831923007965088e-04 8.550491183996200562e-04
8.233270855271257460e-04 7.890990236774086952e-04 7.968463469296693802e-04
7.668188991374336183e-04 7.439492037519812584e-04 7.521404186263680458e-04
7.180054635682608932e-04 7.027035462670028210e-04 7.099827053025364876e-04
6.775928959541488439e-04 6.732007022947072983e-04 6.800581468269228935e-04
6.438970049202907830e-04 6.440458819270133972e-04 6.478838622570037842e-04
6.132781818450894207e-04 6.149805267341434956e-04 6.211218424141407013e-04
5.876322320546023548e-04 5.946860183030366898e-04 5.958187975920736790e-04
5.649966842611320317e-04 5.743923829868435860e-04 5.748954135924577713e-04
5.451864017231855541e-04 5.559658166021108627e-04 5.549872294068336487e-04
5.272093894745921716e-04 5.394286708906292915e-04 5.397878121584653854e-04
5.124932104081381112e-04 5.247356602922081947e-04 5.264151259325444698e-04
5.004411268600961193e-04 5.115470266900956631e-04 5.130500067025423050e-04
4.912887307000346482e-04 4.930011928081512451e-04 4.937209305353462696e-04
4.817523222300224006e-04 4.690464702434837818e-04 4.695733077824115753e-04
4.726474853669060394e-04 4.437499155756086111e-04 4.447394749149680138e-04
4.649256843549665064e-04 4.150316235609352589e-04 4.161972319707274437e-04
4.560534143820405006e-04 3.961094480473548174e-04 3.973614366259425879e-04
4.396015301608713344e-04 4.009064869023859501e-04 4.022386856377124786e-04
4.090028742211870849e-04 4.113647155463695526e-04 4.126640851609408855e-04
3.848919459414901212e-04 3.828329790849238634e-04 3.839359851554036140e-04
4.178725484962342307e-04 5.260027246549725533e-04 5.271743866614997387e-04
4.508486927079502493e-04 3.533743438310921192e-04 3.541140758898109198e-04
3.608108563639689237e-04 3.744394343812018633e-04 3.752725315280258656e-04
5.324485482560703531e-04 4.249722114764153957e-04 4.257307446096092463e-04
3.633149153756676242e-04 3.438438288867473602e-04 3.444641479291021824e-04
3.709652883117087185e-04 3.939782909583300352e-04 3.945482312701642513e-04
3.816486550931585953e-04 3.981032932642847300e-04 3.985835355706512928e-04
4.067749159730738029e-04 3.860866709146648645e-04 3.864534664899110794e-04
3.510858114168513566e-04 3.616709145717322826e-04 3.619457420427352190e-04
4.186156220384873450e-04 4.003540088888257742e-04 4.005100345239043236e-04
3.173386903654318303e-04 2.924313303083181381e-04 2.924441068898886442e-04
3.687268381327157840e-04 6.004462484270334244e-04 6.002459558658301830e-04
4.209026174066821113e-04 3.278683288954198360e-04 3.272350004408508539e-04
3.212179199181264266e-04 3.657550259958952665e-04 3.655331674963235855e-04
3.235121803299989551e-04 2.681587357074022293e-04 2.678364980965852737e-04
2.759102844720473513e-04 3.550924011506140232e-04 3.546844527591019869e-04
4.511890711000887677e-04 2.444146084599196911e-04 2.439044765196740627e-04
2.609404145914595574e-04 2.411935711279511452e-04 2.406057174084708095e-04
3.102374275840702467e-04 3.994532162323594093e-04 3.987156087532639503e-04
3.133883419650373980e-04 2.259863686049357057e-04 2.252535050502046943e-04
2.259837428937316872e-04 2.636116987559944391e-04 2.628202491905540228e-04
4.733430614578537643e-04 2.740762720350176096e-04 2.732071443460881710e-04
2.370927068113815039e-04 2.071221970254555345e-04 2.062084968201816082e-04
2.395548408458125778e-04 2.510439371690154076e-04 2.500353148207068443e-04
2.527899223423446529e-04 2.799554495140910149e-04 2.788426645565778017e-04
3.167030627082567662e-04 2.694220165722072124e-04 2.682482590898871422e-04
2.166528292946168222e-04 2.043793356278911233e-04 2.032199699897319078e-04
3.013976956935948692e-04 4.465481615625321865e-04 4.449394182302057743e-04
2.758814734988845885e-04 1.838416355894878507e-04 1.826191582949832082e-04
1.877399154182057828e-04 1.668730983510613441e-04 1.656012900639325380e-04
2.810907562889042310e-04 5.337815382517874241e-04 5.317968316376209259e-04
3.191487776348367333e-04 2.363604726269841194e-04 2.381601516390219331e-04
1.977707825062680058e-04 2.189566148445010185e-04 2.174734981963410974e-04
2.081450056721223518e-04 1.664932497078552842e-04 1.650698686717078090e-04
1.761212406563572586e-04 2.398106153123080730e-04 2.381856611464172602e-04
3.469066086836392060e-04 1.855335140135139227e-04 1.840396435000002384e-04
1.466345102016930468e-04 1.362787297694012523e-04 1.349314552498981357e-04
1.376955124214873649e-04 1.659309200476855040e-04 1.643686700845137239e-04
4.341446347098099068e-04 3.252472379244863987e-04 3.233487077523022890e-04
1.839715832829824649e-04 1.238734985236078501e-04 1.224928564624860883e-04
1.465212526454706676e-04 1.338660076726227999e-04 1.324126787949353456e-04
1.268047699340968393e-04 1.351540995528921485e-04 1.336756686214357615e-04
2.476824083714745939e-04 4.522197123151272535e-04 4.499238275457173586e-04
2.663146592567500193e-04 1.784151827450841665e-04 1.805245701689273119e-04
1.510116144345374778e-04 1.503368694102391601e-04 1.487901899963617325e-04
1.963122822417062707e-04 1.855538284871727228e-04 1.838895841501653194e-04
1.692337309577851556e-04 1.616462541278451681e-04 1.600291579961776733e-04
2.254677010569139384e-04 2.765248937066644430e-04 2.746455720625817776e-04
2.022147723437228706e-04 1.088189455913379788e-04 1.075017498806118965e-04
1.072190325430710800e-04 1.145665519288741052e-04 1.132165780290961266e-04
2.930617929450818338e-04 6.501463940367102623e-04 6.474034744314849377e-04
3.134989469799620565e-04 1.938497152877971530e-04 1.990917080547660589e-04
1.403238456987310201e-04 1.163063134299591184e-04 1.150335374404676259e-04
1.042288254211598542e-04 1.005712038022466004e-04 9.919547301251441240e-05
1.179738578684919048e-04 1.634045620448887348e-04 1.617606612853705883e-04
2.961800464618136175e-04 2.520571579225361347e-04 2.503240248188376427e-04
1.362527200399199501e-04 1.114983606385067105e-04 1.122841567848809063e-04
1.059511164385185111e-04 9.902741294354200363e-05 9.767460869625210762e-05
2.096498592436546460e-04 5.901218974031507969e-04 5.875891074538230896e-04
4.191011271359457169e-04 2.838393265847116709e-04 2.907295711338520050e-04
1.573844738231855445e-04 9.888528438750654459e-05 9.765182767296209931e-05
1.036933613249857444e-04 1.062594674294814467e-04 1.050555874826386571e-04
1.084582563635194674e-04 9.999696339946240187e-05 9.873656381387263536e-05
1.113028692998341285e-04 1.476210309192538261e-04 1.462287182221189141e-04
3.202168118150439113e-04 2.929029287770390511e-04 2.911786432377994061e-04
1.444987201466574334e-04 1.242473372258245945e-04 1.245376188308000565e-04
1.053786836564540863e-04 1.170452160295099020e-04 1.157920705736614764e-04
2.354156672481622081e-04 3.457930288277566433e-04 3.439523279666900635e-04
1.992776201404922176e-04 1.125967828556895256e-04 1.122800167649984360e-04
1.100806857721181586e-04 9.278798825107514858e-05 9.157321619568392634e-05
1.578448941472743172e-04 3.421240253373980522e-04 3.402875736355781555e-04
3.307746824248170014e-04 1.349867234239354730e-04 1.370878017041832209e-04
1.375464235024992377e-04 1.329787482973188162e-04 1.317225978709757328e-04
1.317417004429444205e-04 9.419852722203359008e-05 9.302626858698204160e-05
9.750379194883862510e-05 1.142654073191806674e-04 1.130641758209094405e-04
3.048305811717000324e-04 4.885520320385694504e-04 4.865137161687016487e-04
2.209755361946008634e-04 1.618859241716563702e-04 1.632388448342680931e-04
1.180462709271523636e-04 1.340481976512819529e-04 1.328434736933559179e-04
1.152721838479919825e-04 9.350935579277575016e-05 9.225396206602454185e-05
1.112929930968675762e-04 1.731453376123681664e-04 1.717490085866302252e-04
3.628393487815628760e-04 1.570226449985057116e-04 1.558880030643194914e-04
1.174656185867206659e-04 9.151821723207831383e-05 8.957641693996265531e-05
1.073344619726412930e-04 1.342975447187200189e-04 1.330652448814362288e-04
1.750729607010725886e-04 1.948620774783194065e-04 1.933892781380563974e-04
1.943278975886642002e-04 1.316353736910969019e-04 1.304730249103158712e-04
1.228860774062923156e-04 1.274040550924837589e-04 1.261946454178541899e-04
2.356441473239101470e-04 3.221097285859286785e-04 3.204906242899596691e-04
1.869057468866230920e-04 1.009793777484446764e-04 1.019821647787466645e-04
1.002569824777310714e-04 8.663217886351048946e-05 8.547431207261979580e-05
1.524521030660253018e-04 3.321289550513029099e-04 3.304564161226153374e-04
3.266386102040996775e-04 1.287160557694733143e-04 1.314695109613239765e-04
1.306891690546763130e-04 1.284103491343557835e-04 1.272483641514554620e-04
1.206357815135561395e-04 8.504743891535326838e-05 8.391189476242288947e-05
8.712140379429911263e-05 9.455829422222450376e-05 9.342795965494588017e-05
2.435619853713433258e-04 5.612329696305096149e-04 5.592026282101869583e-04
3.090870168307446875e-04 2.013417833950370550e-04 2.070409245789051056e-04
1.265537603103439324e-04 1.067842531483620405e-04 1.056907349266111851e-04
8.947296328187803738e-05 8.320571942022070289e-05 8.220737072406336665e-05
9.456291218157275580e-05 1.190100956591777503e-04 1.178319944301620126e-04
2.322829282093152869e-04 3.125906223431229591e-04 3.110336838290095329e-04
1.796430938156845514e-04 9.793438221095129848e-05 9.753533231560140848e-05
9.680439598014345393e-05 8.374176104553043842e-05 8.250128303188830614e-05
1.466484222873987164e-04 3.118004824500530958e-04 3.102256741840392351e-04
3.165085558975988533e-04 1.148541487054899335e-04 1.149649397120811045e-04
1.235281583831238095e-04 1.195729855680838227e-04 1.183801796287298203e-04
1.172305956060881726e-04 8.287831587949767709e-05 8.172557863872498274e-05
8.541524130123434588e-05 9.409681661054491997e-05 9.293163020629435778e-05
2.473101430950919166e-04 5.425604758784174919e-04 5.406514392234385014e-04
2.889897741624736227e-04 1.845373335527256131e-04 1.893108128570020199e-04
1.193219250126276165e-04 1.019547344185411930e-04 1.008445979095995426e-04
8.682829138706438243e-05 8.059204992605373263e-05 7.936811744002625346e-05
9.209862309944583103e-05 1.170698524219915271e-04 1.158939849119633436e-04
2.334569476261094678e-04 3.083834890276193619e-04 3.068849619012326002e-04
1.733814556246215943e-04 9.976088040275499225e-05 1.007944374578073621e-04
9.430762702322681434e-05 8.409103611484169960e-05 8.297207386931404471e-05
1.552598851048969664e-04 3.011108201462775469e-04 2.996085968334227800e-04
2.722641852415108588e-04 9.872305963654071093e-05 9.929397492669522762e-05
1.055479410752013791e-04 9.380430128658190370e-05 9.254697943106293678e-05
1.265955343114910647e-04 1.244190061697736382e-04 1.232474896823987365e-04
1.444101444576517679e-04 1.622531563043594360e-04 1.610544131835922599e-04
2.068964204227086157e-04 1.554030168335884809e-04 1.541446545161306858e-04
1.153782072833564598e-04 8.629301737528294325e-05 8.503573917550966144e-05
1.116793910114211030e-04 1.905904500745236874e-04 1.893818116514012218e-04
3.279678476246772334e-04 9.288088767789304256e-05 9.173467697110027075e-05
1.015919901874440257e-04 8.254035492427647114e-05 7.990091398824006319e-05
1.033689659379888326e-04 1.085460971808061004e-04 1.075214968295767903e-04
1.265828359464649111e-04 1.520468795206397772e-04 1.508029235992580652e-04
2.277669682371197268e-04 1.806032960303127766e-04 1.794117270037531853e-04
1.130427540374512319e-04 8.235835412051528692e-05 8.231351239373907447e-05
8.086282559816027060e-05 9.060871525434777141e-05 8.941859414335340261e-05
2.792923505694488995e-04 6.368855247274041176e-04 6.349871982820332050e-04
2.985390783578623086e-04 1.434068108210340142e-04 1.482669613324105740e-04
1.027410703500208911e-04 8.664344204589724541e-05 8.792795415502041578e-05
8.491576500091468915e-05 9.216932812705636024e-05 9.095361747313290834e-05
8.592519134253961965e-05 8.219196752179414034e-05 8.050044561969116330e-05
8.723463224669103511e-05 1.123272304539568722e-04 1.111118908738717437e-04
2.758035861916141585e-04 3.569739055819809437e-04 3.556669689714908600e-04
1.661291667005571071e-04 1.341865281574428082e-04 1.389356184517964721e-04
9.586728583599324338e-05 1.136022401624359190e-04 1.125224516727030277e-04
1.133933492383221164e-04 9.676827903604134917e-05 9.548023081151768565e-05
1.244732184204622172e-04 1.916054170578718185e-04 1.903962984215468168e-04
2.635231294334516861e-04 9.766752191353589296e-05 9.664617391536012292e-05
8.609617452748352662e-05 8.282398630399256945e-05 8.443606202490627766e-05
8.810840563455712982e-05 1.251600915566086769e-04 1.241865684278309345e-04
2.734041490839445032e-04 2.512710052542388439e-04 2.500233822502195835e-04
1.233686771229258738e-04 1.071219885488972068e-04 1.099198052543215454e-04
8.560204332752618939e-05 1.007392274914309382e-04 9.967706864699721336e-05
1.633523615964804776e-04 2.129947242792695761e-04 2.117380208801478148e-04
1.795360271898971405e-04 8.181904559023678303e-05 7.921285578049719334e-05
7.657188916709856130e-05 7.911196735221892595e-05 7.727862976025789976e-05
1.084988102775241714e-04 2.390217268839478493e-04 2.378362405579537153e-04
3.829913939625839703e-04 1.458823680877685547e-04 1.511906302766874433e-04
1.451230932616454083e-04 1.292065426241606474e-04 1.280453434446826577e-04
8.924574058255529962e-05 7.838964666007086635e-05 7.678709516767412424e-05
8.132652055792277679e-05 8.012947364477440715e-05 7.803618791513144970e-05
7.890427650636411272e-05 8.508286555297672749e-05 8.389135473407804966e-05
1.474192313253297471e-04 2.966156462207436562e-04 2.953466027975082397e-04
2.712722935029887594e-04 1.244414452230557799e-04 1.268214546144008636e-04
1.079394287444301881e-04 1.128278454416431487e-04 1.116986823035404086e-04
9.904635089696967043e-05 7.757708954159170389e-05 7.665809971513226628e-05
7.566011117887683213e-05 8.324177179019898176e-05 8.205825724871829152e-05
1.903653478620981332e-04 4.503091040533035994e-04 4.487852565944194794e-04
2.942795886156091001e-04 2.022772969212383032e-04 2.088102482957765460e-04
1.125955914176302031e-04 8.554138184990733862e-05 8.430877642240375280e-05
7.761784081594669260e-05 7.866847590776160359e-05 7.603342237416654825e-05
8.317972287841257639e-05 8.658426668262109160e-05 8.551587961846962571e-05
1.044798195835028309e-04 1.474490272812545300e-04 1.461829524487257004e-04
2.534834984544431791e-04 1.546108833281323314e-04 1.534284383524209261e-04
9.262516914532170631e-05 9.146937372861430049e-05 9.366308222524821758e-05
7.843522280381876044e-05 9.534729178994894028e-05 9.385248267790302634e-05
2.039803889601898845e-04 3.432221710681915283e-04 3.419483546167612076e-04
1.971299352589994669e-04 1.401416811859235168e-04 1.459099876228719950e-04
9.735585354064824060e-05 1.097485801437869668e-04 1.086023548850789666e-04
9.915551936501287855e-05 7.970027218107134104e-05 7.697267574258148670e-05
8.218114089686423540e-05 1.067515040631406009e-04 1.056339315255172551e-04
2.838954319486219902e-04 3.236196353100240231e-04 3.223374660592526197e-04
1.426457424713589717e-04 1.057024492183700204e-04 1.082943199435248971e-04
8.776186859904555604e-05 9.227064583683386445e-05 9.119916649069637060e-05
7.990139192770584486e-05 7.710888894507661462e-05 7.447228563250973821e-05
9.271390945286839269e-05 1.521357480669394135e-04 1.509703870397061110e-04
3.078151175941457041e-04 1.004917430691421032e-04 9.960300667444244027e-05
9.328710120826144703e-05 7.836736767785623670e-05 7.575067866127938032e-05
8.694749340065754950e-05 7.735329563729465008e-05 7.620319956913590431e-05
7.624004820172558539e-05 8.453920600004494190e-05 8.336886094184592366e-05
1.707526635073008947e-04 3.542477788869291544e-04 3.527675871737301350e-04
2.487207734702678863e-04 1.653769286349415779e-04 1.715645776130259037e-04
1.091410808840009850e-04 1.081963200704194605e-04 1.071007500286214054e-04
8.081662599579431117e-05 7.725991599727421999e-05 7.910220301710069180e-05
7.577653923362959176e-05 9.171538113150745630e-05 9.057851275429129601e-05
1.709813368506729603e-04 2.747226681094616652e-04 2.735158195719122887e-04
1.897310071399260778e-04 1.029911873047240078e-04 1.057606423273682594e-04
8.878306562110083178e-05 9.118024900089949369e-05 8.978312689578160644e-05
1.090461096282524522e-04 1.051247672876343131e-04 1.041395080392248929e-04
1.227136804118345026e-04 1.459847844671458006e-04 1.448596012778580189e-04
1.829773946155910380e-04 1.157687656814232469e-04 1.147066650446504354e-04
8.311551300721475855e-05 7.400398317258805037e-05 7.128007564460858703e-05
8.161465166267589666e-05 1.131136668846011162e-04 1.120337910833768547e-04
