7.101002652198076248e-01 4.164850115776062012e-01 4.121547937393188477e-01
3.342238329350948334e-01 2.460466325283050537e-01 2.436805069446563721e-01
1.810973398387432098e-01 1.303104311227798462e-01 1.279699802398681641e-01
1.050491030327975750e-01 8.515510708093643188e-02 8.362007141113281250e-02
7.569349277764558792e-02 6.987033039331436157e-02 6.952381134033203125e-02
6.638007517904043198e-02 6.507283449172973633e-02 6.495475769042968750e-02
6.318292440846562386e-02 6.282990425825119019e-02 6.271167844533920288e-02
6.116831838153302670e-02 6.100322306156158447e-02 6.082630902528762817e-02
5.942843738012015820e-02 5.927246809005737305e-02 5.907230824232101440e-02
5.772554595023393631e-02 5.754987895488739014e-02 5.733904242515563965e-02
5.601590150035917759e-02 5.580996721982955933e-02 5.559928715229034424e-02
5.426425463519990444e-02 5.402097851037979126e-02 5.379724130034446716e-02
5.241770436987280846e-02 5.210179090499877930e-02 5.186031758785247803e-02
5.044572008773684502e-02 5.001575499773025513e-02 4.975551739335060120e-02
4.829722829163074493e-02 4.774311184883117676e-02 4.746367782354354858e-02
4.594735940918326378e-02 4.526348412036895752e-02 4.495003819465637207e-02
4.334857594221830368e-02 4.250862076878547668e-02 4.217866063117980957e-02
4.046646878123283386e-02 3.945985808968544006e-02 3.911103680729866028e-02
3.727834951132535934e-02 3.608570992946624756e-02 3.571131825447082520e-02
3.377508837729692459e-02 3.234246373176574707e-02 3.204745054244995117e-02
2.992761158384382725e-02 2.828323282301425934e-02 2.802685648202896118e-02
2.577266551088541746e-02 2.397974394261837006e-02 2.380029670894145966e-02
2.138427551835775375e-02 1.943035796284675598e-02 1.946143433451652527e-02
1.705277949804440141e-02 1.486402936279773712e-02 1.495050638914108276e-02
1.280650723492726684e-02 1.065083872526884079e-02 1.083846762776374817e-02
8.945696201408281922e-03 7.207702845335006714e-03 7.267213892191648483e-03
5.855157127371057868e-03 4.560339264571666718e-03 4.602867644280195236e-03
3.744478439330123365e-03 2.973811700940132141e-03 2.963112201541662216e-03
2.414931266685016453e-03 1.967931631952524185e-03 1.937548862770199776e-03
1.705872789898421615e-03 1.634589396417140961e-03 1.633137697353959084e-03
1.558489835588261485e-03 1.572078093886375427e-03 1.546772778965532780e-03
1.492662864620797336e-03 1.491448143497109413e-03 1.478261779993772507e-03
1.429928328434471041e-03 1.427988871000707150e-03 1.415318110957741737e-03
1.370504127407912165e-03 1.371670747175812721e-03 1.363641116768121719e-03
1.318579394137486815e-03 1.330319326370954514e-03 1.312873559072613716e-03
1.274256712349597365e-03 1.291252323426306248e-03 1.267272629775106907e-03
1.231982612807769328e-03 1.250670291483402252e-03 1.228749752044677734e-03
1.193611307826358825e-03 1.208350295200943947e-03 1.179756014607846737e-03
1.157526370661798865e-03 1.162904896773397923e-03 1.147457864135503769e-03
1.121195309679023921e-03 1.126824878156185150e-03 1.113378326408565044e-03
1.087074990209657699e-03 1.089956145733594894e-03 1.071751699782907963e-03
1.054234606272075325e-03 1.054554944857954979e-03 1.041939482092857361e-03
1.023038610583171248e-03 1.025198842398822308e-03 1.012018998153507710e-03
9.945252932084258646e-04 9.914673864841461182e-04 9.811003692448139191e-04
9.665057441452518106e-04 9.619659977033734322e-04 9.476401610299944878e-04
9.403174190083518624e-04 9.347447194159030914e-04 9.226572001352906227e-04
9.141733353317249566e-04 9.051515953615307808e-04 8.969646878540515900e-04
8.901058899937197566e-04 8.806507103145122528e-04 8.731239940971136093e-04
8.667199217597953975e-04 8.575915126129984856e-04 8.504886645823717117e-04
8.441882455372251570e-04 8.364967652596533298e-04 8.294058497995138168e-04
8.235669702116865665e-04 8.130010683089494705e-04 8.112250361591577530e-04
8.029638338484801352e-04 7.913181325420737267e-04 7.895965827628970146e-04
7.816828510840423405e-04 7.693445077165961266e-04 7.660693954676389694e-04
7.623755627719219774e-04 7.506234105676412582e-04 7.501030340790748596e-04
7.451556230080313981e-04 7.354445406235754490e-04 7.319766446016728878e-04
7.286483378265984356e-04 7.190466858446598053e-04 7.157967193052172661e-04
7.136115818866528571e-04 7.031264249235391617e-04 7.008755346760153770e-04
6.989808316575363278e-04 6.886429619044065475e-04 6.860347930341959000e-04
6.838874542154371738e-04 6.738536176271736622e-04 6.737262010574340820e-04
6.710031520924530923e-04 6.590822595171630383e-04 6.622162181884050369e-04
6.582637579413130879e-04 6.474629626609385014e-04 6.492726970463991165e-04
6.462222372647374868e-04 6.369408802129328251e-04 6.355435471050441265e-04
6.344869980239309371e-04 6.271702004596590996e-04 6.250775186344981194e-04
6.240112852538004518e-04 6.171793211251497269e-04 6.126292282715439796e-04
6.139339129731524736e-04 6.073457770980894566e-04 6.032069795764982700e-04
6.039869258529506624e-04 5.990372737869620323e-04 5.931797786615788937e-04
5.951899693172890693e-04 5.896099610254168510e-04 5.825547268614172935e-04
5.857084179297089577e-04 5.797275225631892681e-04 5.757029866799712181e-04
5.771805008407682180e-04 5.730901611968874931e-04 5.687483935616910458e-04
5.695016116078477353e-04 5.652360268868505955e-04 5.616481648758053780e-04
5.616630551230628043e-04 5.585696781054139137e-04 5.524112493731081486e-04
5.545937165152281523e-04 5.523017025552690029e-04 5.458917003124952316e-04
5.479527608258649707e-04 5.454492056742310524e-04 5.400155205279588699e-04
5.418043147074058652e-04 5.396390333771705627e-04 5.341508658602833748e-04
5.355440662242472172e-04 5.338641349226236343e-04 5.287562380544841290e-04
5.302428326103836298e-04 5.272469716146588326e-04 5.231137620285153389e-04
5.248850211501121521e-04 5.224628257565200329e-04 5.172292585484683514e-04
5.197256177780218422e-04 5.166161572560667992e-04 5.123604205437004566e-04
5.149458011146634817e-04 5.105260643176734447e-04 5.072648636996746063e-04
5.099420923215802759e-04 5.047075683251023293e-04 5.030158208683133125e-04
5.052501110185403377e-04 4.997411742806434631e-04 4.957839846611022949e-04
5.004287449992261827e-04 4.951555747538805008e-04 4.914289456792175770e-04
4.956652792316162959e-04 4.906707908958196640e-04 4.867660463787615299e-04
4.911132837150944397e-04 4.859314649365842342e-04 4.829031822737306356e-04
4.867349925916641951e-04 4.819730529561638832e-04 4.789185477420687675e-04
4.824173629458528012e-04 4.765312187373638153e-04 4.742738092318177223e-04
4.785088949574856088e-04 4.718361014965921640e-04 4.688838380388915539e-04
4.743768513435497880e-04 4.671161877922713757e-04 4.635513178072869778e-04
4.702081623690901324e-04 4.617793601937592030e-04 4.578113148454576731e-04
4.655986558645963669e-04 4.578112275339663029e-04 4.536518536042422056e-04
4.615590260073076934e-04 4.532616585493087769e-04 4.485740500967949629e-04
4.573244004859589040e-04 4.489314160309731960e-04 4.438784380909055471e-04
4.532982366072246805e-04 4.442108038347214460e-04 4.401559417601674795e-04
4.496647216001292691e-04 4.396028234623372555e-04 4.356698191259056330e-04
4.455533835425740108e-04 4.351498791947960854e-04 4.313471727073192596e-04
4.416851352289086208e-04 4.313683602958917618e-04 4.275929240975528955e-04
4.375318876554956660e-04 4.275919927749782801e-04 4.229808691889047623e-04
4.331580548750935122e-04 4.237315733917057514e-04 4.191405896563082933e-04
4.293250276532489806e-04 4.199407703708857298e-04 4.154165508225560188e-04
4.251541322446428239e-04 4.161777033004909754e-04 4.120948433410376310e-04
4.208571790513815358e-04 4.125088744331151247e-04 4.083651874680072069e-04
4.167488314124057069e-04 4.087557608727365732e-04 4.042169312015175819e-04
4.126602489122888073e-04 4.050670540891587734e-04 4.003910580649971962e-04
4.081518382008653134e-04 4.011044220533221960e-04 3.967102966271340847e-04
4.040002168039791286e-04 3.974793653469532728e-04 3.930538659915328026e-04
3.999428990937303752e-04 3.937871952075511217e-04 3.893825341947376728e-04
3.957553672080393881e-04 3.901046002283692360e-04 3.857458941638469696e-04
3.917740032193250954e-04 3.862682788167148829e-04 3.820578567683696747e-04
3.878684692608658224e-04 3.824487212114036083e-04 3.783618158195167780e-04
3.838889406324597076e-04 3.787938621826469898e-04 3.743061970453709364e-04
3.798154630203498527e-04 3.750947071239352226e-04 3.704050905071198940e-04
3.759705195989226922e-04 3.712691832333803177e-04 3.667169075924903154e-04
3.719811520568327978e-04 3.676144988276064396e-04 3.626733378041535616e-04
3.681272519315825775e-04 3.637556801550090313e-04 3.586405655369162560e-04
3.641409202828072011e-04 3.601397911552339792e-04 3.549848333932459354e-04
3.602705819503171369e-04 3.566357772797346115e-04 3.514583222568035126e-04
3.562564052117522806e-04 3.526339423842728138e-04 3.477876598481088877e-04
3.523480263538658619e-04 3.489720402285456657e-04 3.441013977862894535e-04
3.483333366602892056e-04 3.448898205533623695e-04 3.400414134375751019e-04
3.444552603468764573e-04 3.410547215025871992e-04 3.362483403179794550e-04
3.406451905902940780e-04 3.369827754795551300e-04 3.321172262076288462e-04
3.372159462742274627e-04 3.323481359984725714e-04 3.276439674664288759e-04
3.333400618430459872e-04 3.280671080574393272e-04 3.233765892218798399e-04
3.293421323178336024e-04 3.243234532419592142e-04 3.199497587047517300e-04
3.254707207815954462e-04 3.207635018043220043e-04 3.167167596984654665e-04
3.210328086424851790e-04 3.169627452734857798e-04 3.131782286800444126e-04
3.165559483022661880e-04 3.130316617898643017e-04 3.093425184488296509e-04
3.122038924630032852e-04 3.089107922278344631e-04 3.052300889976322651e-04
3.078120462305378169e-04 3.050165541935712099e-04 3.013434470631182194e-04
3.038419981749029830e-04 3.010032523889094591e-04 2.975428942590951920e-04
3.000508349941810593e-04 2.971269714180380106e-04 2.937306708190590143e-04
2.961478257930139080e-04 2.932573843281716108e-04 2.900735416915267706e-04
2.921814411820378155e-04 2.894201315939426422e-04 2.863697882276028395e-04
2.884599925891961902e-04 2.852850302588194609e-04 2.827063435688614845e-04
2.845792751031694934e-04 2.815896004904061556e-04 2.788892597891390324e-04
2.808362623909488320e-04 2.778551424853503704e-04 2.751076535787433386e-04
2.773470714600989595e-04 2.743841032497584820e-04 2.714947622735053301e-04
2.736767801252426580e-04 2.709054679144173861e-04 2.680070174392312765e-04
2.701941702980548143e-04 2.674628340173512697e-04 2.646339999046176672e-04
2.669336809049127623e-04 2.639997983351349831e-04 2.612936659716069698e-04
2.638962523633381352e-04 2.606906055007129908e-04 2.580753935035318136e-04
2.611167437862604856e-04 2.570291107986122370e-04 2.544507151469588280e-04
2.583070927357766777e-04 2.526650787331163883e-04 2.500370901543647051e-04
2.547717958805151284e-04 2.489031467121094465e-04 2.462794363964349031e-04
2.505686761651304550e-04 2.466519945301115513e-04 2.439059026073664427e-04
2.469231449140352197e-04 2.447472361382097006e-04 2.421042299829423428e-04
2.446958515065489337e-04 2.421697136014699936e-04 2.396434429101645947e-04
2.440329008095432073e-04 2.430184977129101753e-04 2.403117832727730274e-04
2.433723420836031437e-04 2.391474408796057105e-04 2.364753454457968473e-04
2.395317624177550897e-04 2.373673487454652786e-04 2.345877583138644695e-04
2.371455284446710721e-04 2.335210447199642658e-04 2.309163537574931979e-04
2.350987933823489584e-04 2.351945440750569105e-04 2.330617717234417796e-04
2.319554669156786986e-04 2.282306086272001266e-04 2.258550084661692381e-04
2.297902001373586245e-04 2.306952956132590771e-04 2.289332333020865917e-04
2.266110604978166521e-04 2.251412370242178440e-04 2.236262225778773427e-04
2.244062361569376662e-04 2.260524197481572628e-04 2.235288557130843401e-04
2.221325312348199077e-04 2.235350984847173095e-04 2.203281765105202794e-04
2.197283238274394535e-04 2.228361554443836212e-04 2.191849634982645512e-04
2.184434179071104154e-04 2.217536675743758678e-04 2.174463734263554215e-04
2.147164614143548533e-04 2.190595550928264856e-04 2.146509941667318344e-04
2.148028879673802294e-04 2.207811921834945679e-04 2.170519583160057664e-04
2.112449355990975164e-04 2.128077176166698337e-04 2.084739389829337597e-04
2.081449465549667366e-04 2.174280089093372226e-04 2.143902238458395004e-04
2.095533172905561514e-04 2.104546001646667719e-04 2.072967909043654799e-04
2.037082413153257221e-04 2.119781274814158678e-04 2.091125206789001822e-04
2.063237288894015364e-04 2.100219135172665119e-04 2.071717754006385803e-04
2.007431148740579374e-04 2.065862645395100117e-04 2.032633638009428978e-04
2.028585813604877330e-04 2.117574767908081412e-04 2.076872478937730193e-04
1.989932425203733146e-04 2.017499064095318317e-04 1.987626310437917709e-04
1.980123779503628612e-04 2.100713318213820457e-04 2.069306792691349983e-04
1.987030054806382395e-04 2.023190900217741728e-04 1.988322765100747347e-04
1.924157713801832870e-04 2.040414983639493585e-04 2.002375840675085783e-04
1.983968868444208056e-04 2.083184663206338882e-04 2.047781017608940601e-04
1.901800096675287932e-04 1.916812907438725233e-04 1.902008953038603067e-04
1.910303089971421286e-04 2.127468469552695751e-04 2.106399479089304805e-04
1.969823115359758958e-04 1.971235178643837571e-04 1.936397893587127328e-04
1.812875116229406558e-04 1.930993166752159595e-04 1.902012736536562443e-04
1.975632403627969325e-04 2.198259171564131975e-04 2.206696663051843643e-04
1.841474613684113137e-04 1.736193371471017599e-04 1.705430186120793223e-04
1.775891278157359920e-04 2.164681791327893734e-04 2.173608518205583096e-04
2.084532961816876195e-04 1.949977595359086990e-04 1.921313960338011384e-04
1.603281871211947873e-04 1.575302158016711473e-04 1.565665879752486944e-04
1.889478144221357070e-04 2.739230403676629066e-04 2.747988037299364805e-04
2.069213078357279301e-04 1.475672906963154674e-04 1.473110896768048406e-04
1.372990072923130356e-04 1.358412846457213163e-04 1.355529966531321406e-04
1.612342757653095759e-04 2.861906541511416435e-04 2.852983889169991016e-04
2.795282161969225854e-04 1.322493480984121561e-04 1.318948197877034545e-04
1.611875022717867978e-04 1.308719365624710917e-04 1.306259073317050934e-04
1.447552185709355399e-04 1.778992591425776482e-04 1.758851285558193922e-04
1.837443969634477980e-04 2.094661758746951818e-04 2.112077927449718118e-04
1.796379237930523232e-04 1.775210694177076221e-04 1.750218216329813004e-04
1.719367073746980168e-04 2.072656934615224600e-04 2.084500156342983246e-04
1.996811224671546370e-04 1.979222870431840420e-04 1.995610509766265750e-04
1.567338140375795774e-04 1.530933514004573226e-04 1.517380587756633759e-04
1.835019538702908903e-04 2.722420613281428814e-04 2.728020190261304379e-04
2.054091919490019791e-04 1.391632395097985864e-04 1.380749308736994863e-04
1.224465281666198280e-04 1.189153699669986963e-04 1.191304836538620293e-04
1.214419617099338211e-04 1.273323723580688238e-04 1.275182585231959820e-04
3.227911793146631680e-04 4.103803366888314486e-04 4.093938332516700029e-04
2.268790922244079411e-04 1.665332820266485214e-04 1.639306719880551100e-04
1.414475477758969646e-04 1.160069223260506988e-04 1.163937922683544457e-04
1.240166639036033303e-04 1.282251323573291302e-04 1.291538210352882743e-04
1.214550479744502809e-04 1.231746573466807604e-04 1.232272334164008498e-04
1.590663396200397983e-04 3.075281856581568718e-04 3.062996547669172287e-04
2.771279823718941770e-04 1.128242147387936711e-04 1.131733588408678770e-04
1.508614550402853638e-04 1.281973527511581779e-04 1.287835184484720230e-04
1.184004399874538649e-04 1.105397459468804300e-04 1.112117024604231119e-04
1.150888670053973328e-04 1.352012623101472855e-04 1.347389770671725273e-04
3.364099557074951008e-04 5.083737778477370739e-04 5.116008105687797070e-04
2.196099344473623205e-04 1.193952193716540933e-04 1.199825637741014361e-04
1.296661130254506133e-04 1.125955823226831853e-04 1.122206886066123843e-04
1.172127463178185280e-04 1.118785075959749520e-04 1.126020943047478795e-04
1.134777139668585733e-04 1.100946683436632156e-04 1.108971700887195766e-04
1.551084806123981252e-04 2.609380753710865974e-04 2.610433730296790600e-04
3.073808411500067450e-04 1.309969811700284481e-04 1.307624479522928596e-04
1.550579499962623231e-04 1.086518459487706423e-04 1.081190930563025177e-04
1.255944080185145140e-04 1.223585568368434906e-04 1.231097703566774726e-04
1.388086293445667252e-04 1.450641575502231717e-04 1.456760655855759978e-04
2.283254698340897448e-04 2.089857007376849651e-04 2.094226219924166799e-04
1.512579456175444648e-04 1.055229877238161862e-04 1.053395826602354646e-04
1.097247022698866203e-04 1.389537937939167023e-04 1.391232362948358059e-04
2.758668124442920089e-04 5.300571792759001255e-04 5.339927738532423973e-04
2.204982479270256590e-04 1.654328225413337350e-04 1.660039706621319056e-04
1.267517786800453905e-04 1.319691364187747240e-04 1.313740358455106616e-04
1.155492664111079648e-04 1.142144465120509267e-04 1.151784672401845455e-04
1.110089265239366796e-04 1.413171121384948492e-04 1.418447645846754313e-04
3.247837630624417216e-04 5.401902599260210991e-04 5.444255075417459011e-04
2.190433374380518217e-04 1.300013391301035881e-04 1.308517530560493469e-04
1.196518719552841503e-04 1.181242841994389892e-04 1.193397183669731021e-04
1.091111771529540420e-04 1.081297668861225247e-04 1.093070459319278598e-04
1.252663123523234390e-04 1.367611694149672985e-04 1.375997526338323951e-04
2.471781308486242779e-04 2.387680578976869583e-04 2.391734306002035737e-04
1.482565385231282562e-04 1.228305918630212545e-04 1.229012414114549756e-04
1.366750943816441577e-04 1.893671578727662563e-04 1.885690144263207912e-04
2.027982936851913109e-04 2.589870418887585402e-04 2.586113114375621080e-04
1.637006225791992620e-04 1.211254420923069119e-04 1.211423004860989749e-04
1.044559030560776591e-04 1.088469362002797425e-04 1.105797637137584388e-04
1.455999399695429020e-04 3.862107987515628338e-04 3.884852631017565727e-04
4.099599887013027910e-04 1.892630098154768348e-04 1.898679911391809583e-04
1.759914239300996996e-04 1.602280244696885347e-04 1.642897987039759755e-04
1.171523208540747873e-04 1.000732881948351860e-04 9.954802226275205612e-05
1.003654087980976328e-04 1.021384669002145529e-04 1.044181408360600471e-04
9.966089555746293627e-05 1.007165556075051427e-04 1.006914608296938241e-04
1.347342599729017820e-04 2.139923453796654940e-04 2.143192978110164404e-04
3.317687755952647422e-04 9.948475053533911705e-05 1.013559231068938971e-04
1.373090144625166431e-04 9.932070679496973753e-05 1.012051725410856307e-04
1.144778248090005945e-04 1.023377117235213518e-04 1.030545099638402462e-04
9.991507840823032893e-05 9.846300963545218110e-05 9.811452764552086592e-05
1.181497477773518767e-04 1.852157438406720757e-04 1.858107862062752247e-04
4.108638167963363230e-04 1.059441638062708080e-04 1.066568001988343894e-04
