5.802460648119449615e-01 3.563093841075897217e-01 3.604351282119750977e-01
2.424450898543000221e-01 1.368654370307922363e-01 1.386471986770629883e-01
1.036226646974682808e-01 7.706010341644287109e-02 7.736625522375106812e-02
7.067371532320976257e-02 6.625878065824508667e-02 6.592959165573120117e-02
6.585099129006266594e-02 6.461574882268905640e-02 6.419303268194198608e-02
6.438730191439390182e-02 6.351042538881301880e-02 6.307345628738403320e-02
6.319997273385524750e-02 6.237606331706047058e-02 6.197584792971611023e-02
6.194849940948188305e-02 6.106833368539810181e-02 6.065963953733444214e-02
6.061823177151381969e-02 5.975776165723800659e-02 5.933528393507003784e-02
5.928358738310635090e-02 5.840559303760528564e-02 5.802368372678756714e-02
5.788639630191028118e-02 5.697931721806526184e-02 5.662122368812561035e-02
5.641072406433522701e-02 5.548689886927604675e-02 5.513102933764457703e-02
5.482982238754630089e-02 5.389050394296646118e-02 5.354591086506843567e-02
5.314777418971061707e-02 5.216889828443527222e-02 5.182883143424987793e-02
5.132475309073925018e-02 5.030006915330886841e-02 4.996342211961746216e-02
4.932914394885301590e-02 4.825216904282569885e-02 4.791516065597534180e-02
4.712768853642046452e-02 4.594126716256141663e-02 4.563416540622711182e-02
4.466731939464807510e-02 4.335312917828559875e-02 4.307431727647781372e-02
4.190124361775815487e-02 4.041717201471328735e-02 4.015552625060081482e-02
3.875298146158456802e-02 3.708248585462570190e-02 3.680089116096496582e-02
3.513931646011769772e-02 3.320767730474472046e-02 3.301715478301048279e-02
3.093528444878757000e-02 2.865554392337799072e-02 2.850530296564102173e-02
2.606700663454830647e-02 2.335424721240997314e-02 2.334441244602203369e-02
2.045494795311242342e-02 1.747038215398788452e-02 1.746825873851776123e-02
1.434578478801995516e-02 1.111489534378051758e-02 1.120776776224374771e-02
8.389804832404479384e-03 5.754557438194751740e-03 5.790669471025466919e-03
4.386158019769936800e-03 3.354448592290282249e-03 3.390938043594360352e-03
3.051069390494376421e-03 2.791111357510089874e-03 2.824331633746623993e-03
2.739897056017071009e-03 2.654280979186296463e-03 2.698081545531749725e-03
2.639751532115042210e-03 2.552602905780076981e-03 2.574764657765626907e-03
2.527293720049783587e-03 2.448017708957195282e-03 2.470251638442277908e-03
2.438974290271289647e-03 2.363674342632293701e-03 2.389659639447927475e-03
2.362922095926478505e-03 2.282053232192993164e-03 2.307222923263907433e-03
2.285451191710308194e-03 2.202689182013273239e-03 2.227969467639923096e-03
2.212221181252971292e-03 2.134341280907392502e-03 2.160615287721157074e-03
2.144109661458060145e-03 2.065063919872045517e-03 2.095913747325539589e-03
2.073802388622425497e-03 1.998441759496927261e-03 2.027784008532762527e-03
2.002677283599041402e-03 1.937756082043051720e-03 1.959447748959064484e-03
1.935176420374773443e-03 1.870065927505493164e-03 1.893385779112577438e-03
1.867303202743642032e-03 1.801747595891356468e-03 1.817496260628104210e-03
1.796345146431121975e-03 1.737490296363830566e-03 1.746010268107056618e-03
1.728165087115485221e-03 1.675209496170282364e-03 1.684472430497407913e-03
1.660819878452457488e-03 1.606092089787125587e-03 1.620273338630795479e-03
1.590927480719983578e-03 1.536440919153392315e-03 1.561934826895594597e-03
1.521898157079704106e-03 1.466553541831672192e-03 1.495889970101416111e-03
1.452674659958574921e-03 1.399550121277570724e-03 1.421191962435841560e-03
1.385571718856226653e-03 1.333050662651658058e-03 1.356089371256530285e-03
1.317827518505509943e-03 1.267861924134194851e-03 1.290275249630212784e-03
1.250102664926089346e-03 1.193732139654457569e-03 1.223003841005265713e-03
1.185836954391561449e-03 1.133636222220957279e-03 1.155644305981695652e-03
1.121283923566807061e-03 1.067122328095138073e-03 1.085128751583397388e-03
1.060276445059571415e-03 1.010706764645874500e-03 1.017883769236505032e-03
9.992918858188204467e-04 9.554761927574872971e-04 9.636375471018254757e-04
9.420778769708704203e-04 9.076462592929601669e-04 9.135154541581869125e-04
8.863669572747312486e-04 8.559671696275472641e-04 8.636600687168538570e-04
8.293600585602689534e-04 7.980255177244544029e-04 8.099822443909943104e-04
7.790048766764812171e-04 7.472304278053343296e-04 7.563859689980745316e-04
7.318402313103433698e-04 7.053593872115015984e-04 7.114245090633630753e-04
6.893966819916386157e-04 6.671514711342751980e-04 6.734833004884421825e-04
6.496214227809105068e-04 6.327716400846838951e-04 6.358427926898002625e-04
6.150020672066602856e-04 5.981916910968720913e-04 6.046274211257696152e-04
5.835657429997809231e-04 5.679426249116659164e-04 5.760256899520754814e-04
5.543352381209842861e-04 5.417542997747659683e-04 5.481325206346809864e-04
5.268420900392811745e-04 5.182749591767787933e-04 5.217834259383380413e-04
5.029696585552301258e-04 4.946872941218316555e-04 4.995996714569628239e-04
4.810745667782612145e-04 4.731189110316336155e-04 4.787705838680267334e-04
4.615836169250542298e-04 4.544189141597598791e-04 4.595454083755612373e-04
4.438720534380991012e-04 4.378434969112277031e-04 4.430471162777394056e-04
4.270548615750158206e-04 4.235699889250099659e-04 4.280102439224720001e-04
4.135957260587019846e-04 4.114798211958259344e-04 4.137628711760044098e-04
4.085907039552694187e-04 4.175896756350994110e-04 4.189269966445863247e-04
4.284436308807926252e-04 4.378814192023128271e-04 4.377385484986007214e-04
4.203372664051130414e-04 3.924206830561161041e-04 3.935797140002250671e-04
3.858368309010984376e-04 3.983466012869030237e-04 4.005537484772503376e-04
4.227597928547766060e-04 4.154903581365942955e-04 4.174985224381089211e-04
3.641617004177533090e-04 3.278166113886982203e-04 3.302459663245826960e-04
3.354952932568266988e-04 3.893467364832758904e-04 3.915031265933066607e-04
4.754056208184920251e-04 3.523624036461114883e-04 3.543747588992118835e-04
2.960635320050641894e-04 2.820779336616396904e-04 2.838821092154830694e-04
3.012654342455789447e-04 3.548881504684686661e-04 3.568466636352241039e-04
3.865588187181856483e-04 3.178532933816313744e-04 3.191473660990595818e-04
2.672055234143044800e-04 2.518676337786018848e-04 2.535857784096151590e-04
2.785768574540270492e-04 3.837159601971507072e-04 3.853070666082203388e-04
4.720186725535313599e-04 2.303953224327415228e-04 2.318260521860793233e-04
2.436821823721402325e-04 2.360023790970444679e-04 2.376204356551170349e-04
2.496262586646480486e-04 2.235388092231005430e-04 2.250098623335361481e-04
2.139455409633228555e-04 2.234388375654816628e-04 2.249231620226055384e-04
3.427502415433991700e-04 5.766634130850434303e-04 5.777154583483934402e-04
3.625140498115797527e-04 2.565440954640507698e-04 2.573459059931337833e-04
2.120024355463101529e-04 2.261955814901739359e-04 2.276329469168558717e-04
1.996852315642172471e-04 1.778665464371442795e-04 1.793879055185243487e-04
1.820626639528200030e-04 2.185010234825313091e-04 2.198477159254252911e-04
4.392542932691867463e-04 4.556759377010166645e-04 4.563659895211458206e-04
2.332828735234215856e-04 1.786762441042810678e-04 1.803994819056242704e-04
1.764160761013044976e-04 1.829149259719997644e-04 1.844447979237884283e-04
1.640131131352973171e-04 1.568921143189072609e-04 1.584767596796154976e-04
1.951304875547066331e-04 3.339473914820700884e-04 3.349523467477411032e-04
4.570532209982047789e-04 1.447227550670504570e-04 1.464414381189271808e-04
1.763058180586085655e-04 1.658313267398625612e-04 1.674981322139501572e-04
1.639447991692577489e-04 1.348950754618272185e-04 1.365905773127451539e-04
1.318654376518679783e-04 1.350887032458558679e-04 1.368354132864624262e-04
2.231055541415116750e-04 5.402872920967638493e-04 5.411652382463216782e-04
5.119398383612860925e-04 3.520340833347290754e-04 3.483742184471338987e-04
2.064950376734486781e-04 1.426587259629741311e-04 1.443815708626061678e-04
1.283909309677255806e-04 1.242326543433591723e-04 1.259989658137783408e-04
1.304508314206032082e-04 1.264878810616210103e-04 1.282778684981167316e-04
1.302030577789992094e-04 1.510248112026602030e-04 1.526875130366533995e-04
3.595628277253126726e-04 6.320337997749447823e-04 6.327851442620158195e-04
3.029458703167620115e-04 2.267602249048650265e-04 2.267588861286640167e-04
1.493710005888715386e-04 1.517400669399648905e-04 1.534406328573822975e-04
1.266507852051290683e-04 1.143136905739083886e-04 1.161852342193014920e-04
1.156888215518847574e-04 1.339630689471960068e-04 1.357464643660932779e-04
4.888366629529627971e-04 9.732759208418428898e-04 9.737352957017719746e-04
3.655861974038998596e-04 1.119247463066130877e-04 1.134723861468955874e-04
1.448494613214279525e-04 1.471242721891030669e-04 1.461140054743736982e-04
1.207497698487713933e-04 1.160828469437547028e-04 1.177123776869848371e-04
1.088998519662709441e-04 1.085769617930054665e-04 1.103513495763763785e-04
1.126940264839504380e-04 1.321228337474167347e-04 1.337919093202799559e-04
3.768599435716168955e-04 8.027763688005506992e-04 8.035681094042956829e-04
3.717292897817969788e-04 2.265507937408983707e-04 2.236227010143920779e-04
1.424986839992925525e-04 1.077707856893539429e-04 1.096082705771550536e-04
1.073537250704248436e-04 1.050726714311167598e-04 1.065761971403844655e-04
1.154102847067406401e-04 1.358658191747963428e-04 1.374979474348947406e-04
2.878187406167853624e-04 5.515026277862489223e-04 5.525276064872741699e-04
3.370975200596149080e-04 2.174669934902340174e-04 2.143166202586144209e-04
1.489001201662176754e-04 1.395307772327214479e-04 1.411788107361644506e-04
1.351393334516615141e-04 1.057467743521556258e-04 1.072224986273795366e-04
1.058603870660590474e-04 1.186858426081016660e-04 1.203555366373620927e-04
4.408434638207836542e-04 1.118528540246188641e-03 1.119010848924517632e-03
4.556968497126945294e-04 1.132143661379814148e-04 1.136439241236075759e-04
1.384629072163079400e-04 1.462088257540017366e-04 1.454381272196769714e-04
1.117010287998709828e-04 9.994043648475781083e-05 1.014755107462406158e-04
9.758240366863901727e-05 9.822088759392499924e-05 9.979412425309419632e-05
1.020259192046069074e-04 1.086681440938264132e-04 1.103622053051367402e-04
1.808670872378570493e-04 4.013838770333677530e-04 4.025254165753722191e-04
5.076651395938824862e-04 2.000225940719246864e-04 1.967440475709736347e-04
1.804168118724192027e-04 1.588863669894635677e-04 1.603868731763213873e-04
1.141424422712589148e-04 1.129195443354547024e-04 1.120783563237637281e-04
9.878598530121962540e-05 1.042456715367734432e-04 1.057623812812380493e-04
1.433941938557836693e-04 2.378331846557557583e-04 2.391989401075989008e-04
4.697908516391180456e-04 1.474922464694827795e-04 1.488108828198164701e-04
1.386634171467449050e-04 9.511887765256687999e-05 9.633411536924540997e-05
1.124345435528084636e-04 1.053491432685405016e-04 1.066404947778210044e-04
9.840949496719986200e-05 9.839175618253648281e-05 9.991144179366528988e-05
1.976597363864129875e-04 5.959591944701969624e-04 5.969398771412670612e-04
6.598163154194480740e-04 4.923468222841620445e-04 4.902638611383736134e-04
1.996829923882614821e-04 1.250335189979523420e-04 1.234056107932701707e-04
1.138894285759306513e-04 9.467834024690091610e-05 9.592902642907574773e-05
9.107219375437125564e-05 9.094871347770094872e-05 9.187427349388599396e-05
9.009394079839694314e-05 9.041546582011505961e-05 9.149498509941622615e-05
8.818530659482348710e-05 9.040399163495749235e-05 9.167147800326347351e-05
1.253106743206444662e-04 2.823032264132052660e-04 2.834868209902197123e-04
6.986380085436394438e-04 2.499468100722879171e-04 2.479724062141031027e-04
2.340488713343802374e-04 9.320607205154374242e-05 9.465405310038477182e-05
1.054047193065343890e-04 1.023285658448003232e-04 1.036437388393096626e-04
8.983855786937056109e-05 8.738307224120944738e-05 8.864768460625782609e-05
8.660210369271226227e-05 8.685443026479333639e-05 8.801757940091192722e-05
8.477895153191639110e-05 8.651208190713077784e-05 8.709931717021390796e-05
9.323758104073931463e-05 1.255373354069888592e-04 1.269030908588320017e-04
6.395477330443100072e-04 7.360969902947545052e-04 7.364850607700645924e-04
2.612126627354882658e-04 1.682228030404075980e-04 1.695257378742098808e-04
1.294350363423291128e-04 8.752239227760583162e-05 8.821785741019994020e-05
8.909070129448082298e-05 9.228102862834930420e-05 9.227445116266608238e-05
8.558442004868993536e-05 8.565127791371196508e-05 8.696788427187129855e-05
8.372350021090824157e-05 8.360271749552339315e-05 8.420652739005163312e-05
8.435425297648180276e-05 9.245527326129376888e-05 9.389880870003253222e-05
3.623206171141646337e-04 1.267360057681798935e-03 1.267921063117682934e-03
6.210861156432656571e-04 8.874126797309145331e-05 8.894182246876880527e-05
1.394196697219740599e-04 9.583473729435354471e-05 9.597437019692733884e-05
9.105071740123094060e-05 9.679792856331914663e-05 9.585321822669357061e-05
8.386272384086623788e-05 8.257002627942711115e-05 8.309787517646327615e-05
8.073776598394033499e-05 8.108511974569410086e-05 8.231044193962588906e-05
8.010354167709010653e-05 8.061763946898281574e-05 8.123771112877875566e-05
8.026585192055790685e-05 8.339243504451587796e-05 8.471139881294220686e-05
1.863670777311199345e-04 6.579685141332447529e-04 6.588372634723782539e-04
7.591706976199930068e-04 4.909044364467263222e-04 4.881407076027244329e-04
1.869025836640503258e-04 1.781679748091846704e-04 1.768052461557090282e-04
1.029246850521303713e-04 1.075676409527659416e-04 1.058754060068167746e-04
8.533728941984008998e-05 8.175219409167766571e-05 8.250880637206137180e-05
7.990923950274009258e-05 7.898071635281667113e-05 8.008511213120073080e-05
7.694368150623631664e-05 7.827133958926424384e-05 7.942030788399279118e-05
7.702058474023942836e-05 7.813478441676124930e-05 7.922145596239715815e-05
8.559104480809764937e-05 1.139956293627619743e-04 1.153126067947596312e-04
5.646483696182258427e-04 8.231712854467332363e-04 8.235834538936614990e-04
2.733445526246214285e-04 1.189065224025398493e-04 1.201289633172564209e-04
1.173491623376321513e-04 8.776503091212362051e-05 8.800305658951401711e-05
8.126049851853167638e-05 8.219717710744589567e-05 8.222147880587726831e-05
7.828133357179467566e-05 7.779883890179917216e-05 7.879793702159076929e-05
7.658169761270983145e-05 7.590433233417570591e-05 7.689367339480668306e-05
7.550199507022625767e-05 7.828781963326036930e-05 7.946501864353194833e-05
2.031764088314957917e-04 8.182233432307839394e-04 8.189767831936478615e-04
8.189567852241452783e-04 2.787026460282504559e-04 2.757037000264972448e-04
1.640134082663280424e-04 8.963218715507537127e-05 8.973363583208993077e-05
9.026279803947545588e-05 7.773216202622279525e-05 7.799036393407732248e-05
7.631452763234847225e-05 7.838112651370465755e-05 7.896696479292586446e-05
7.415867412419174798e-05 7.585808634757995605e-05 7.623395504197105765e-05
7.366230465777334757e-05 7.359483424806967378e-05 7.444725633831694722e-05
7.264585428856662475e-05 7.326060585910454392e-05 7.447504322044551373e-05
7.226109846669714898e-05 7.253749208757653832e-05 7.368160004261881113e-05
7.730067818556562997e-05 9.789851901587098837e-05 9.922985918819904327e-05
6.781750998925417662e-04 1.016782945953309536e-03 1.017147442325949669e-03
3.289166211288829800e-04 2.433851768728345633e-04 2.444669371470808983e-04
1.236298908224853221e-04 1.016283931676298380e-04 1.028651167871430516e-04
8.122941517285653390e-05 7.606162398587912321e-05 7.732987432973459363e-05
7.278696375578874722e-05 7.100443326635286212e-05 7.214940706035122275e-05
7.086021378199802712e-05 7.095872570062056184e-05 7.190259930212050676e-05
7.086688356139347889e-05 7.015273877186700702e-05 7.137072680052369833e-05
7.034810141703928821e-05 6.968905654503032565e-05 7.101203664205968380e-05
7.041207300062524155e-05 7.046052633086219430e-05 7.186834409367293119e-05
1.328354082943405956e-04 5.021219840273261070e-04 5.032861372455954552e-04
9.542915977363009006e-04 5.355218308977782726e-04 5.347575061023235321e-04
2.102351249959610868e-04 7.068295235512778163e-05 7.197661761892959476e-05
9.380526853419723921e-05 8.272907143691554666e-05 8.390560833504423499e-05
7.461588620572001673e-05 7.014720904408022761e-05 7.130493759177625179e-05
7.027746050880523399e-05 6.847924669273197651e-05 6.969514652155339718e-05
6.917867403899435885e-05 6.818700057920068502e-05 6.937887519598007202e-05
6.884698359499452636e-05 6.775119982194155455e-05 6.910610682098194957e-05
6.854837874925578944e-05 6.757125811418518424e-05 6.891746306791901588e-05
6.820113912908709608e-05 6.736583600286394358e-05 6.871089135529473424e-05
6.797131254643318243e-05 6.717393989674746990e-05 6.851739453850314021e-05
6.775912061129929498e-05 6.707364809699356556e-05 6.841702997917309403e-05
6.763498458894900978e-05 6.724669947288930416e-05 6.857785047031939030e-05
2.766341071946953889e-04 2.202882664278149605e-03 2.203628420829772949e-03
1.690045326540712267e-03 2.913194184657186270e-04 2.923804568126797676e-04
2.305024991073878482e-04 1.358264998998492956e-04 1.371637335978448391e-04
1.063915296981576830e-04 7.967041165102273226e-05 7.989128789631649852e-05
7.454456726918579079e-05 7.252034265547990799e-05 7.298724085558205843e-05
6.931769667062326334e-05 6.667657726211473346e-05 6.798686081310734153e-05
6.741318611602764577e-05 6.677502824459224939e-05 6.781741103623062372e-05
6.670687298537814058e-05 6.587360257981345057e-05 6.711212336085736752e-05
6.645922258030623198e-05 6.610706623177975416e-05 6.726426363456994295e-05
6.627215634580352344e-05 6.589861004613339901e-05 6.705222767777740955e-05
6.602528719668043777e-05 6.594435399165377021e-05 6.708990986226126552e-05
6.585165419892291538e-05 6.649374699918553233e-05 6.705147097818553448e-05
6.574450389962294139e-05 6.657854100922122598e-05 6.755020876880735159e-05
6.573114569619065151e-05 6.659673090325668454e-05 6.786307494621723890e-05
6.567957916558953002e-05 6.606096576433628798e-05 6.682011007796972990e-05
6.559845223819138482e-05 6.495533307315781713e-05 6.608357216464355588e-05
6.522176727230544202e-05 6.476718408521264791e-05 6.589512486243620515e-05
6.480518504758947529e-05 6.471741653513163328e-05 6.571687117684632540e-05
6.485257699750945903e-05 6.549858517246320844e-05 6.604385271202772856e-05
7.454376373061677441e-05 1.416331215295940638e-04 1.401637564413249493e-04
6.944289898456190713e-04 9.916562703438103199e-05 9.803833381738513708e-05
2.005617889153654687e-04 8.278209134005010128e-05 8.291057747555896640e-05
8.890428944141604006e-05 7.183010166045278311e-05 7.233348151203244925e-05
6.877100804558722302e-05 7.120668306015431881e-05 7.178030500654131174e-05
6.606362921957043000e-05 6.480365118477493525e-05 6.582012429134920239e-05
6.507731905003311113e-05 6.360045517794787884e-05 6.488836515927687287e-05
6.379112437571166083e-05 6.387291068676859140e-05 6.479094736278057098e-05
6.444362725233077072e-05 6.590544944629073143e-05 6.718772783642634749e-05
