6.505376305431127548e-01 4.505848288536071777e-01 4.395471215248107910e-01
3.558572269976139069e-01 2.548696696758270264e-01 2.483527064323425293e-01
2.027794122695922852e-01 1.417945325374603271e-01 1.396396011114120483e-01
1.102454857900738716e-01 8.728878200054168701e-02 8.712108433246612549e-02
7.658955967053771019e-02 7.051129639148712158e-02 7.139544188976287842e-02
6.700969906523823738e-02 6.448619067668914795e-02 6.566718965768814087e-02
6.229093973524868488e-02 6.055537238717079163e-02 6.179308891296386719e-02
5.908255255781114101e-02 5.788223445415496826e-02 5.913677811622619629e-02
5.674332426860928535e-02 5.575596541166305542e-02 5.703514069318771362e-02
5.475606466643512249e-02 5.380428582429885864e-02 5.509014427661895752e-02
5.282169906422495842e-02 5.177334696054458618e-02 5.306201800704002380e-02
5.073913442902266979e-02 4.955513030290603638e-02 5.083271861076354980e-02
4.842097125947475433e-02 4.710473120212554932e-02 4.833253473043441772e-02
4.582192306406795979e-02 4.431924968957901001e-02 4.552637413144111633e-02
4.285859735682606697e-02 4.114688187837600708e-02 4.230417683720588684e-02
3.945938590914011002e-02 3.749470412731170654e-02 3.854390978813171387e-02
3.549994807690382004e-02 3.322131186723709106e-02 3.412174805998802185e-02
3.083465329837054014e-02 2.823272347450256348e-02 2.892895415425300598e-02
2.545514109078794718e-02 2.232695370912551880e-02 2.289866283535957336e-02
1.938613434322178364e-02 1.593526639044284821e-02 1.643203198909759521e-02
1.288653915980830789e-02 9.340995922684669495e-03 9.666450321674346924e-03
6.744275044184178114e-03 4.082702100276947021e-03 4.201013594865798950e-03
2.854679347365163267e-03 2.095457166433334351e-03 2.081363694742321968e-03
1.951665472006425261e-03 1.809353241696953773e-03 1.806093147024512291e-03
1.695655766525305808e-03 1.584796700626611710e-03 1.580999465659260750e-03
1.520166166301351041e-03 1.451813150197267532e-03 1.453474164009094238e-03
1.391551821143366396e-03 1.332020037807524204e-03 1.335785258561372757e-03
1.279273914406076074e-03 1.225546468049287796e-03 1.232543145306408405e-03
1.187663387099746615e-03 1.136886188760399818e-03 1.150923082605004311e-03
1.111153542296960950e-03 1.066633500158786774e-03 1.083907904103398323e-03
1.043650394422002137e-03 1.004003919661045074e-03 1.022306503728032112e-03
9.826642453845124692e-04 9.490709053352475166e-04 9.639222407713532448e-04
9.292583454225677997e-04 8.973589865490794182e-04 9.130159160122275352e-04
8.816581685096025467e-04 8.542177383787930012e-04 8.683543419465422630e-04
8.391920164285693318e-04 8.118698024190962315e-04 8.301102789118885994e-04
8.015991952561307698e-04 7.761989254504442215e-04 7.984114345163106918e-04
7.687211946176830679e-04 7.426093798130750656e-04 7.639543619006872177e-04
7.372995751211419702e-04 7.142955437302589417e-04 7.332026725634932518e-04
7.103016105247661471e-04 6.924232002347707748e-04 7.061233627609908581e-04
6.871554905956145376e-04 6.677547353319823742e-04 6.840256392024457455e-04
6.661709485342726111e-04 6.477029528468847275e-04 6.623620283789932728e-04
6.483943434432148933e-04 6.301241810433566570e-04 6.437707925215363503e-04
6.321951586869545281e-04 6.159928743727505207e-04 6.288705044426023960e-04
6.158306605357211083e-04 6.030129152350127697e-04 6.098611047491431236e-04
6.023319765517953783e-04 5.880938842892646790e-04 5.959171685390174389e-04
5.905508987780194730e-04 5.757216131314635277e-04 5.843985709361732006e-04
5.788230482721701264e-04 5.650344537571072578e-04 5.724835791625082493e-04
5.681450020347256213e-04 5.555751849897205830e-04 5.628288490697741508e-04
5.581839759543072432e-04 5.462761037051677704e-04 5.519961705431342125e-04
5.487614216690417379e-04 5.380405928008258343e-04 5.422483081929385662e-04
5.395120897446759045e-04 5.283652571961283684e-04 5.335998721420764923e-04
5.296094968798570335e-04 5.201107123866677284e-04 5.258512101136147976e-04
5.213310178078245372e-04 5.125223542563617229e-04 5.186499329283833504e-04
5.131905418238602579e-04 5.035866051912307739e-04 5.111792706884443760e-04
5.056468762631993741e-04 4.957204218953847885e-04 5.040428368374705315e-04
4.976101063220994547e-04 4.891965072602033615e-04 4.958877689205110073e-04
4.897519502264913172e-04 4.825957585126161575e-04 4.881274362560361624e-04
4.820329359063180164e-04 4.758455324918031693e-04 4.799312446266412735e-04
4.738541065307799727e-04 4.691268841270357370e-04 4.722024314105510712e-04
4.662763349188026041e-04 4.617209488060325384e-04 4.639580147340893745e-04
4.588072570186341181e-04 4.552322789095342159e-04 4.570291785057634115e-04
4.513054100243607536e-04 4.482854274101555347e-04 4.498165799304842949e-04
4.440956181497313082e-04 4.406452353578060865e-04 4.423867503646761179e-04
4.367019973869901150e-04 4.336336278356611729e-04 4.350559902377426624e-04
4.297195937397191301e-04 4.269143391866236925e-04 4.274158563930541277e-04
4.218464982841396704e-04 4.194908833596855402e-04 4.208400496281683445e-04
4.143784117331961170e-04 4.129986627958714962e-04 4.137262003496289253e-04
4.073657237313454971e-04 4.060732608195394278e-04 4.062172956764698029e-04
4.002378027507802472e-04 3.972527338191866875e-04 3.989352844655513763e-04
3.930170660169096664e-04 3.907684586010873318e-04 3.917814756277948618e-04
3.859661755996057764e-04 3.836762043647468090e-04 3.851338988170027733e-04
3.788995636568870395e-04 3.766570589505136013e-04 3.780177503358572721e-04
3.715372640726855025e-04 3.690081066451966763e-04 3.705254639498889446e-04
3.644221760623622686e-04 3.614317975006997585e-04 3.635859466157853603e-04
3.572806253941962495e-04 3.543524944689124823e-04 3.569322288967669010e-04
3.503638909023720771e-04 3.471061645541340113e-04 3.496739373076707125e-04
3.429847874940605834e-04 3.400916175451129675e-04 3.423169837333261967e-04
3.360470091138267890e-04 3.330933395773172379e-04 3.352627682033926249e-04
3.290437998657580465e-04 3.258492506574839354e-04 3.283280530013144016e-04
3.220491162210237235e-04 3.182209329679608345e-04 3.213940944988280535e-04
3.148780961055308580e-04 3.109336248598992825e-04 3.145464288536459208e-04
3.077954715990927070e-04 3.038790600840002298e-04 3.072448307648301125e-04
3.007585419254610315e-04 2.966304600704461336e-04 3.003148594871163368e-04
2.937051503977272660e-04 2.898002276197075844e-04 2.929614565800875425e-04
2.867100756702711806e-04 2.830579469446092844e-04 2.861227840185165405e-04
2.796049884636886418e-04 2.761683717835694551e-04 2.796388289425522089e-04
2.724432142713339999e-04 2.691553090699017048e-04 2.726601960603147745e-04
2.652283365023322403e-04 2.619722799863666296e-04 2.653503324836492538e-04
2.580674190539866686e-04 2.548351185396313667e-04 2.582149172667413950e-04
2.510119084035977721e-04 2.476338995620608330e-04 2.510180347599089146e-04
2.438611782054067589e-04 2.405066916253417730e-04 2.437449147691950202e-04
2.369076482864329591e-04 2.335038589080795646e-04 2.366526314290240407e-04
2.299341358593665063e-04 2.267888339702039957e-04 2.298482286278158426e-04
2.231281805507023819e-04 2.200409071519970894e-04 2.230454410891979933e-04
2.162890104955295101e-04 2.133721573045477271e-04 2.164242032449692488e-04
2.095705849569640122e-04 2.066060987999662757e-04 2.095715462928637862e-04
2.028638164119911380e-04 1.996317296288907528e-04 2.027157752308994532e-04
1.962357237061951309e-04 1.929915306391194463e-04 1.961653033504262567e-04
1.897165520858834498e-04 1.865103404270485044e-04 1.895177556434646249e-04
1.832310972531558946e-04 1.800387544790282845e-04 1.830060355132445693e-04
1.768867268765461631e-04 1.737563434289768338e-04 1.765109627740457654e-04
1.706619623291771859e-04 1.675384410191327333e-04 1.702422887319698930e-04
1.645452912271139212e-04 1.614438369870185852e-04 1.641295675653964281e-04
1.585827540111495182e-04 1.556746428832411766e-04 1.581552060088142753e-04
1.527845643067848869e-04 1.497994962846860290e-04 1.522668753750622272e-04
1.471478326493524946e-04 1.440317137166857719e-04 1.464724773541092873e-04
1.417337225575465709e-04 1.386008079862222075e-04 1.409681426594033837e-04
1.364577710774028674e-04 1.334988919552415609e-04 1.358118170173838735e-04
1.313668080911156721e-04 1.285930920857936144e-04 1.307803177041932940e-04
1.265561049876851030e-04 1.238502882188186049e-04 1.260976714547723532e-04
1.220904468937078491e-04 1.198686004499904811e-04 1.217491808347404003e-04
1.180595590994926170e-04 1.158129816758446395e-04 1.177845115307718515e-04
1.142285982496105134e-04 1.123617839766666293e-04 1.143453846452757716e-04
1.107412522287631873e-04 1.088961216737516224e-04 1.110645680455490947e-04
1.076088451554824132e-04 1.059442583937197924e-04 1.078342393157072365e-04
1.046655370373628102e-04 1.031745341606438160e-04 1.049672428052872419e-04
1.021683756334823556e-04 1.009108018479309976e-04 1.036068279063329101e-04
9.985607948692631908e-05 1.003870202112011611e-04 1.022384603857062757e-04
9.790436752155073918e-05 9.761624824022874236e-05 9.986080112867057323e-05
9.641337101129465736e-05 9.505661000730469823e-05 9.762129047885537148e-05
9.588626608092454262e-05 9.917120041791349649e-05 1.018653056235052645e-04
1.080603601621987764e-04 1.269357453566044569e-04 1.294901449000462890e-04
1.138683251156180631e-04 9.176788444165140390e-05 9.431677608517929912e-05
9.068020426639122888e-05 9.122874325839802623e-05 9.322370897280052304e-05
1.144739776464120951e-04 2.048648893833160400e-04 2.092301438096910715e-04
1.543085845696623437e-04 1.122741668950766325e-04 1.130416640080511570e-04
9.798329301702324301e-05 9.623031655792146921e-05 9.940346353687345982e-05
8.894967822925536893e-05 8.611811790615320206e-05 8.822918607620522380e-05
9.102440026254043914e-05 1.045676108333282173e-04 1.071458245860412717e-04
1.428699697498814203e-04 1.767935755196958780e-04 1.797242148313671350e-04
1.108644037230988033e-04 9.310494351666420698e-05 9.328051237389445305e-05
8.838970870783668943e-05 9.310351015301421285e-05 9.529652015771716833e-05
1.191190535791974980e-04 1.891707943286746740e-04 1.927457487909123302e-04
1.471899759053485468e-04 8.951257768785580993e-05 8.980982966022565961e-05
9.316320711150183342e-05 8.597770647611469030e-05 8.797310147201642394e-05
9.875247224044869654e-05 1.232982613146305084e-04 1.262072619283571839e-04
1.485110187786631286e-04 1.401167537551373243e-04 1.419349428033456206e-04
9.683029611551319249e-05 8.463975245831534266e-05 8.537156827514991164e-05
8.637703649583272636e-05 8.390218135900795460e-05 8.474644710076972842e-05
1.015611223920132034e-04 1.699371932772919536e-04 1.697746920399367809e-04
2.936536229753983207e-04 2.221676986664533615e-04 2.271940757054835558e-04
1.405240996064094361e-04 9.702600073069334030e-05 9.919409785652533174e-05
9.453915527046774514e-05 8.042593981372192502e-05 8.209570660255849361e-05
8.362831931663095020e-05 8.017504296731203794e-05 8.141149737639352679e-05
8.170432784027070738e-05 8.058552339207381010e-05 8.324948430527001619e-05
8.123596126097254455e-05 7.989437290234491229e-05 8.214674016926437616e-05
8.328398143930826336e-05 9.328784653916954994e-05 9.553683048579841852e-05
2.038495736087497789e-04 4.493821761570870876e-04 4.533502506092190742e-04
1.956897667696466669e-04 8.459571836283430457e-05 8.495914516970515251e-05
9.336669472759240307e-05 8.451075700577348471e-05 8.464010898023843765e-05
8.379183555007330142e-05 8.431428432231768966e-05 8.623361645732074976e-05
8.174302547558909282e-05 7.805679342709481716e-05 8.016650826903060079e-05
8.031501465666224249e-05 8.364086534129455686e-05 8.588005584897473454e-05
1.624940032343147323e-04 5.061359843239188194e-04 5.076262750662863255e-04
3.139297505185822956e-04 1.135811762651428580e-04 1.135131606133654714e-04
1.022868941618071403e-04 9.427748591406270862e-05 9.423745359526947141e-05
8.460092340101255104e-05 7.711404032306745648e-05 7.855747389839962125e-05
7.993433382580406033e-05 8.119794074445962906e-05 8.320229244418442249e-05
7.969674470587051474e-05 7.813554839231073856e-05 8.090088522294536233e-05
7.900626405898947269e-05 8.170272485585883260e-05 8.374109893338754773e-05
9.846237344390829094e-05 2.039303071796894073e-04 2.091988280881196260e-04
3.697139959513151553e-04 1.737283746479079127e-04 1.732670643832534552e-04
1.487239096604753286e-04 7.769940566504374146e-05 8.040916145546361804e-05
8.972612477009533904e-05 8.880333189154043794e-05 9.153087739832699299e-05
8.016445235625724308e-05 8.417555363848805428e-05 8.512072963640093803e-05
7.871811294535291381e-05 7.921002543298527598e-05 8.165725012077018619e-05
7.724005990894511342e-05 8.286934462375938892e-05 8.375640027225017548e-05
8.071703268797136843e-05 9.736184438224881887e-05 9.975204739021137357e-05
2.251478031212172937e-04 5.593641544692218304e-04 5.591059452854096889e-04
2.382191273682110477e-04 9.313030750490725040e-05 9.398531256010755897e-05
9.150834603133262135e-05 8.409369911532849073e-05 8.503564458806067705e-05
8.086788466243888251e-05 8.632247045170515776e-05 8.897057705326005816e-05
7.779940779073513113e-05 7.816062861820682883e-05 8.063689165282994509e-05
7.584943841720814817e-05 7.932842709124088287e-05 8.104930748231709003e-05
8.519908624293748289e-05 1.477280748076736927e-04 1.506148837506771088e-04
4.694109329648199491e-04 1.011823624139651656e-04 1.020970303216017783e-04
1.770338399182946887e-04 8.256015280494466424e-05 8.336926111951470375e-05
9.476216428083716892e-05 7.738673593848943710e-05 7.941147487144917250e-05
7.906107794042327441e-05 7.757318235235288739e-05 7.977544737514108419e-05
7.557313074357807636e-05 8.071041520452126861e-05 8.179082215065136552e-05
7.515751394748804159e-05 7.737240957794710994e-05 7.953363092383369803e-05
7.491544465665356256e-05 7.725325849605724216e-05 7.941393414512276649e-05
7.456632010871544480e-05 7.803102926118299365e-05 8.013818296603858471e-05
7.974190884851850569e-05 1.098645807360298932e-04 1.116706407628953457e-04
3.965594405599404126e-04 4.347956564743071795e-04 4.381305188871920109e-04
1.798856019377126358e-04 1.780033344402909279e-04 1.826118386816233397e-04
1.037870051732170396e-04 9.456130646867677569e-05 9.851526556303724647e-05
8.225133205996826291e-05 7.640149124199524522e-05 7.869213004596531391e-05
7.506281644964474253e-05 7.487315451726317406e-05 7.765337795717641711e-05
7.368964907072950155e-05 7.731929508736357093e-05 7.946686673676595092e-05
7.385539538518059999e-05 7.707243639742955565e-05 7.877618190832436085e-05
7.595731085530132987e-05 9.091143147088587284e-05 9.441816655453294516e-05
2.978156926474184729e-04 8.325704839080572128e-04 8.327799150720238686e-04
2.886723450501449406e-04 1.153644407168030739e-04 1.169339084299281240e-04
1.100781996683508623e-04 7.994954648893326521e-05 8.101274579530581832e-05
8.042520539675024338e-05 7.446109520969912410e-05 7.726937474217265844e-05
7.379596490864059888e-05 7.421170448651537299e-05 7.698217086726799607e-05
7.286363279490615241e-05 7.702873699599877000e-05 7.904654194135218859e-05
7.283531203938764520e-05 7.607038423884660006e-05 7.806567009538412094e-05
7.294217994058271870e-05 7.937092595966532826e-05 8.051866461755707860e-05
1.069687705239630304e-04 2.981182187795639038e-04 3.054083790630102158e-04
4.849172605645435397e-04 3.384506853763014078e-04 3.373653744347393513e-04
1.541110682410362642e-04 1.215116499224677682e-04 1.217132448800839484e-04
8.715774720258195885e-05 8.110414637485519052e-05 8.347439143108204007e-05
7.451707188010914251e-05 7.535953045589849353e-05 7.753636600682511926e-05
7.238754415084258653e-05 7.823281339369714260e-05 7.925244426587596536e-05
7.224119826787500642e-05 7.758823630865663290e-05 7.887343963375315070e-05
7.208036913652904332e-05 7.787630602251738310e-05 7.995260239113122225e-05
7.204782014014199376e-05 7.844112406019121408e-05 8.245406934292986989e-05
7.750990243948763236e-05 1.177984231617301702e-04 1.204691798193380237e-04
4.966618230355379637e-04 2.611715754028409719e-04 2.698927128221839666e-04
1.904416158140520565e-04 1.101470843423157930e-04 1.121905224863439798e-04
9.389285378347267397e-05 7.870181434554979205e-05 8.266758231911808252e-05
7.607765246575581841e-05 7.870337140047922730e-05 8.241151226684451103e-05
7.273434539456502534e-05 7.975191692821681499e-05 8.339471241924911737e-05
7.267257933563087136e-05 7.900909258751198649e-05 8.249696111306548119e-05
7.197087734311935492e-05 7.904035737738013268e-05 8.226463978644460440e-05
7.179127533163409680e-05 8.051848999457433820e-05 8.274809806607663631e-05
7.237732506837346591e-05 8.479794632876291871e-05 8.564977179048582911e-05
1.026069562612974551e-04 2.723505895119160414e-04 2.793179301079362631e-04
4.506242694333195686e-04 2.627063367981463671e-04 2.616404090076684952e-04
1.497114412813971285e-04 9.907235653372481465e-05 1.014870576909743249e-04
8.476002403767779469e-05 8.018504740903154016e-05 8.356769103556871414e-05
7.322729197767330334e-05 8.317931497003883123e-05 8.402911771554499865e-05
7.104511450961581431e-05 8.320160122821107507e-05 8.372188312932848930e-05
7.092672467479133047e-05 8.126152533804997802e-05 8.294929284602403641e-05
7.027740093690226786e-05 8.309917029691860080e-05 8.388001151615753770e-05
7.197019522209302522e-05 9.285088890464976430e-05 9.482997120358049870e-05
2.099440898746252060e-04 7.269720663316547871e-04 7.261207792907953262e-04
3.615855948737589642e-04 8.954763325164094567e-05 9.168269752990454435e-05
9.934325362337403931e-05 8.728806278668344021e-05 8.909190364647656679e-05
7.431541735058999620e-05 8.177057316061109304e-05 8.449488086625933647e-05
7.024686146905878559e-05 7.937617920106276870e-05 8.170265209628269076e-05
6.918748931639129296e-05 7.876365270931273699e-05 8.114120282698422670e-05
6.927632330189226195e-05 7.804650522302836180e-05 8.070280455285683274e-05
6.922232569195330143e-05 8.097454701783135533e-05 8.268275996670126915e-05
9.607625315766199492e-05 2.518594847060739994e-04 2.598877181299030781e-04
4.662896635636570863e-04 2.777555200736969709e-04 2.764855744317173958e-04
1.535891815365175717e-04 1.122462999774143100e-04 1.142615656135603786e-04
8.352535269295913167e-05 8.203827019315212965e-05 8.343677473021671176e-05
7.027191441011382267e-05 7.570308662252500653e-05 7.953502790769562125e-05
6.787925667595118284e-05 7.622643170179799199e-05 7.975544576765969396e-05
6.776767895644297823e-05 7.563481631223112345e-05 7.896452734712511301e-05
6.762970497220521793e-05 7.549871224910020828e-05 7.886437379056587815e-05
6.742116329405689612e-05 7.549017755081877112e-05 7.926637772470712662e-05
6.993504439378739335e-05 9.483396570431068540e-05 9.676255285739898682e-05
3.858549493997998070e-04 8.785182726569473743e-04 8.761367644183337688e-04
2.625208276185730938e-04 2.136219554813578725e-04 2.193091786466538906e-04
1.047570176524459384e-04 1.027308899210765958e-04 1.045874378178268671e-04
7.408066812786273658e-05 8.151383372023701668e-05 8.323958900291472673e-05
