3.262807726860046387e-01 1.329947412014007568e-01 1.350637078285217285e-01
9.015291742980480194e-02 6.385542452335357666e-02 6.402629613876342773e-02
6.343009718693792820e-02 6.166049838066101074e-02 6.163145601749420166e-02
5.975767527706921101e-02 5.788582190871238708e-02 5.773142725229263306e-02
5.714320298284292221e-02 5.563059449195861816e-02 5.546459928154945374e-02
5.456397100351750851e-02 5.299906432628631592e-02 5.276095867156982422e-02
5.197115195915102959e-02 5.037103593349456787e-02 5.011042207479476929e-02
4.923510644584894180e-02 4.753565043210983276e-02 4.722569137811660767e-02
4.625641182065010071e-02 4.445761442184448242e-02 4.407259076833724976e-02
4.293170408345758915e-02 4.094525054097175598e-02 4.052340611815452576e-02
3.916909568943083286e-02 3.694619238376617432e-02 3.653384000062942505e-02
3.486835304647684097e-02 3.234998136758804321e-02 3.194537758827209473e-02
2.985883143264800310e-02 2.701167017221450806e-02 2.663592249155044556e-02
2.404336433392018080e-02 2.069792523980140686e-02 2.046940848231315613e-02
1.745797198964282870e-02 1.367167290300130844e-02 1.363989245146512985e-02
1.023717885254882276e-02 6.602330133318901062e-03 6.572006270289421082e-03
4.287000847398303449e-03 2.441363409161567688e-03 2.447710838168859482e-03
2.134900976670905948e-03 1.970793353393673897e-03 1.951866084709763527e-03
1.925377400766592473e-03 1.895643887110054493e-03 1.878238981589674950e-03
1.802081300411373377e-03 1.720808213576674461e-03 1.708792755380272865e-03
1.647794771997723728e-03 1.597379217855632305e-03 1.595611334778368473e-03
1.542533304018434137e-03 1.509068533778190613e-03 1.508339308202266693e-03
1.452595053706318140e-03 1.420426880940794945e-03 1.414961763657629490e-03
1.360846792522352189e-03 1.334901084192097187e-03 1.322239870205521584e-03
1.277607363590504974e-03 1.258481177501380444e-03 1.247812760993838310e-03
1.198572565044742078e-03 1.182235078886151314e-03 1.164056477136909962e-03
1.125412120018154383e-03 1.108251512050628662e-03 1.090945792384445667e-03
1.053595442499499768e-03 1.036621979437768459e-03 1.017809845507144928e-03
9.874198804027400911e-04 9.713473264127969742e-04 9.511480457149446011e-04
9.246851514035370201e-04 9.065642952919006348e-04 8.922680863179266453e-04
8.665626119181979448e-04 8.488065795972943306e-04 8.370283176191151142e-04
8.104954467853531241e-04 7.978231878951191902e-04 7.884580409154295921e-04
7.597026742587331682e-04 7.535092881880700588e-04 7.436031010001897812e-04
7.152492871682625264e-04 7.125925039872527122e-04 6.971915718168020248e-04
6.734267626598011702e-04 6.723059923388063908e-04 6.573104765266180038e-04
6.376030905812513083e-04 6.367019959725439548e-04 6.208308623172342777e-04
6.048818831914104521e-04 6.053561810404062271e-04 5.892920889891684055e-04
5.749817901232745498e-04 5.756753962486982346e-04 5.596358096227049828e-04
5.485886249516624957e-04 5.487034213729202747e-04 5.328559782356023788e-04
5.240732971287798136e-04 5.247660446912050247e-04 5.108172190375626087e-04
5.026158723921980709e-04 5.013690097257494926e-04 4.886080860160291195e-04
4.826199347007786855e-04 4.788388905581086874e-04 4.694878589361906052e-04
4.641058840206824243e-04 4.588717129081487656e-04 4.520854272413998842e-04
4.469944869924802333e-04 4.412592679727822542e-04 4.358973819762468338e-04
4.317584844102384523e-04 4.253445076756179333e-04 4.193683271296322346e-04
4.172885674051940441e-04 4.108948633074760437e-04 4.063443630002439022e-04
4.039811956317862496e-04 3.991380217485129833e-04 3.945717762690037489e-04
3.904338609572732821e-04 3.839443961624056101e-04 3.794232325162738562e-04
3.756527039513457566e-04 3.658712375909090042e-04 3.621757496148347855e-04
3.598438379412982613e-04 3.522890037856996059e-04 3.487336507532745600e-04
3.459776635281741619e-04 3.399719425942748785e-04 3.365422890055924654e-04
3.334048251417698339e-04 3.288894658908247948e-04 3.255330375395715237e-04
3.215083488612435758e-04 3.183137159794569016e-04 3.151175915263593197e-04
3.107901466137263924e-04 3.090236277785152197e-04 3.059318405576050282e-04
3.015901074832072482e-04 2.973906521219760180e-04 2.950076013803482056e-04
2.951131973532028496e-04 2.810608712024986744e-04 2.787645789794623852e-04
2.885771336877951398e-04 2.722910139709711075e-04 2.700006298255175352e-04
2.757530237431637943e-04 2.710657427087426186e-04 2.688867389224469662e-04
2.593345598143059760e-04 2.500919508747756481e-04 2.479135291650891304e-04
2.459176257616491057e-04 2.413325419183820486e-04 2.391501911915838718e-04
2.831917636285652407e-04 2.985656610690057278e-04 2.963911101687699556e-04
2.589987188912346028e-04 2.463260898366570473e-04 2.445365535095334053e-04
2.236731415905524045e-04 2.244369679829105735e-04 2.223644114565104246e-04
2.850260698323836550e-04 2.418769290670752525e-04 2.398803480900824070e-04
2.131938063030247577e-04 2.137284609489142895e-04 2.120110148098319769e-04
2.009899671975290403e-04 2.104455488733947277e-04 2.085450687445700169e-04
3.493028671073261648e-04 1.891423453344032168e-04 1.872797438409179449e-04
2.013522625929908827e-04 1.984544214792549610e-04 1.966333365999162197e-04
1.937901506607886404e-04 1.889027189463376999e-04 1.873332075774669647e-04
1.799960564312641509e-04 1.836695009842514992e-04 1.819465251173824072e-04
2.406892872386379167e-04 2.455004723742604256e-04 2.438399096718057990e-04
2.064320378849515691e-04 1.705283648334443569e-04 1.690314966253936291e-04
1.626808016226277687e-04 1.606200239621102810e-04 1.589950406923890114e-04
2.876530124922282994e-04 5.232068360783159733e-04 5.226281355135142803e-04
2.987375910379341803e-04 1.552933536004275084e-04 1.538113428978249431e-04
1.842181654865271412e-04 1.733311219140887260e-04 1.713369565550237894e-04
1.586698372193495743e-04 1.514812756795436144e-04 1.500777143519371748e-04
1.477955693189869635e-04 1.458072947571054101e-04 1.442462962586432695e-04
1.533934728286112659e-04 1.510283327661454678e-04 1.493637828389182687e-04
2.145378848581458442e-04 2.901988627854734659e-04 2.887084265239536762e-04
2.435733513266313821e-04 1.848193351179361343e-04 1.820286124711856246e-04
1.535398832857026719e-04 1.502707746112719178e-04 1.485594548285007477e-04
1.684618746367050335e-04 1.471062132623046637e-04 1.454028824809938669e-04
1.709366651994059794e-04 1.943520037457346916e-04 1.926493423525243998e-04
2.606136331451125443e-04 1.411189441569149494e-04 1.392853009747341275e-04
1.371676908092922531e-04 1.359548186883330345e-04 1.337568683084100485e-04
1.441575595890753902e-04 1.730481744743883610e-04 1.712409575702622533e-04
2.985676965181482956e-04 1.581420656293630600e-04 1.563079713378101587e-04
1.424667943865642883e-04 1.286322949454188347e-04 1.263625017600134015e-04
1.448349930797121488e-04 1.363562187179923058e-04 1.342143805231899023e-04
1.447470904167857952e-04 1.451028947485610843e-04 1.430720731150358915e-04
2.442790446366416290e-04 2.893262717407196760e-04 2.878139493986964226e-04
1.877651729955687188e-04 1.653639774303883314e-04 1.630132319405674934e-04
1.346770254713192116e-04 1.348015503026545048e-04 1.326081837760284543e-04
1.601075437065446749e-04 1.538325450383126736e-04 1.516506890766322613e-04
1.899992712424136698e-04 1.803314953576773405e-04 1.782892213668674231e-04
1.735583773552207276e-04 1.252970832865685225e-04 1.228504406753927469e-04
1.281074046346475370e-04 1.301964657614007592e-04 1.279000716749578714e-04
2.633171852721716277e-04 4.101514059584587812e-04 4.091595183126628399e-04
2.292528133693849668e-04 1.703488815110176802e-04 1.666717580519616604e-04
1.356026896246476099e-04 1.151895339717157185e-04 1.127627620007842779e-04
1.158667751042230520e-04 1.147759321611374617e-04 1.122128815040923655e-04
1.259142563867499121e-04 1.293066306971013546e-04 1.270245993509888649e-04
2.008059809668338858e-04 2.796221524477005005e-04 2.780018839985132217e-04
2.167640886909794062e-04 1.501742517575621605e-04 1.475382887292653322e-04
1.264590168830181938e-04 1.194745273096486926e-04 1.169554889202117920e-04
1.367203612971934490e-04 1.265134778805077076e-04 1.240496349055320024e-04
1.540786024634144269e-04 1.865535450633615255e-04 1.843992795329540968e-04
2.453860988680389710e-04 1.235522504430264235e-04 1.209647307405248284e-04
1.171303415503643919e-04 1.177592203021049500e-04 1.150598909589461982e-04
1.166431366073084064e-04 1.293762325076386333e-04 1.270705979550257325e-04
2.433412455502548255e-04 3.056002897210419178e-04 3.040082810912281275e-04
1.780287429937743582e-04 1.572456239955499768e-04 1.550910528749227524e-04
1.217796557284600567e-04 1.196128214360214770e-04 1.171130861621350050e-04
1.192402191918517929e-04 1.079279609257355332e-04 1.051183135132305324e-04
1.255702295566152316e-04 1.667203323449939489e-04 1.645702868700027466e-04
3.388065306353382766e-04 1.195645163534209132e-04 1.170122777693904936e-04
1.298560491704847664e-04 1.189004979096353054e-04 1.162711414508521557e-04
1.172404245153302327e-04 1.146772119682282209e-04 1.127144932979717851e-04
1.077250221896974836e-04 1.073520106729120016e-04 1.047362457029521465e-04
1.168059466181148309e-04 1.189605827676132321e-04 1.164479617727920413e-04
1.989912134376936592e-04 3.071120590902864933e-04 3.054929838981479406e-04
2.179564467041927855e-04 1.596048241481184959e-04 1.569029409438371658e-04
1.217747185364714824e-04 1.155266945715993643e-04 1.129599404521286488e-04
1.102367837120254990e-04 1.010152554954402149e-04 9.859871352091431618e-05
1.015562033899186645e-04 1.026532845571637154e-04 1.000669071800075471e-04
2.088619580717931967e-04 5.376501940190792084e-04 5.370595026761293411e-04
3.824891537078656256e-04 1.606480072950944304e-04 1.578578376211225986e-04
1.339623845524329226e-04 1.226028252858668566e-04 1.203725842060521245e-04
1.073548392014345154e-04 1.085301628336310387e-04 1.061638031387701631e-04
1.009191310004098341e-04 9.897388372337445617e-05 9.637902257964015007e-05
9.830443877945072018e-05 9.713691542856395245e-05 9.434144885744899511e-05
9.807565720620914362e-05 9.667576523497700691e-05 9.387856698594987392e-05
9.999776602853671648e-05 1.024010125547647476e-04 9.980394679587334394e-05
1.871831823336833622e-04 4.005956288892775774e-04 3.994866565335541964e-04
3.113280918114469387e-04 2.197931316914036870e-04 2.175352710764855146e-04
1.269932704417442437e-04 1.037507172441110015e-04 1.013338041957467794e-04
1.017491013044491410e-04 9.711833263281732798e-05 9.447314369026571512e-05
9.561841534377890639e-05 9.547185618430376053e-05 9.266352572012692690e-05
9.629071837480296381e-05 9.564422362018376589e-05 9.307071741204708815e-05
1.091197864298010245e-04 1.327526697423309088e-04 1.305241603404283524e-04
3.039692346646916121e-04 2.425634884275496006e-04 2.408046275377273560e-04
1.345997602584247943e-04 9.385721932630985975e-05 9.091864194488152862e-05
1.039604117067938205e-04 9.745902207214385271e-05 9.483464236836880445e-05
9.529352155368542299e-05 9.307875006925314665e-05 9.051181405084207654e-05
1.010381329251686111e-04 1.035333698382601142e-04 1.011374988593161106e-04
1.720340146675880533e-04 3.103159833699464798e-04 3.088474040850996971e-04
2.548273550928570330e-04 1.749504881445318460e-04 1.722706801956519485e-04
1.227383918376290239e-04 9.945682541001588106e-05 9.705027332529425621e-05
9.428925613974570297e-05 9.203144873026758432e-05 8.928339229896664619e-05
9.413784437128924765e-05 9.254472388420253992e-05 8.995342795969918370e-05
1.011950071188039146e-04 1.122292160289362073e-04 1.096127962227910757e-04
2.738776097430672962e-04 4.083348030690103769e-04 4.073901218362152576e-04
1.870582545961951837e-04 1.032441505230963230e-04 1.004032455966807902e-04
1.025798524096899200e-04 1.011394779197871685e-04 9.869706991594284773e-05
9.486766703048488125e-05 9.206702816300094128e-05 8.892916957847774029e-05
9.130464559348183684e-05 9.045933256857097149e-05 8.761408389545977116e-05
8.974036154540954158e-05 9.075520210899412632e-05 8.769282430876046419e-05
1.280984874938440043e-04 3.009749343618750572e-04 2.991790533997118473e-04
4.705282453869585879e-04 3.506712382659316063e-04 3.477724967524409294e-04
1.533185959488037042e-04 1.226112362928688526e-04 1.205389999086037278e-04
1.001434161480574403e-04 9.189771662931889296e-05 8.907507435651496053e-05
9.099382759814034216e-05 9.020764991873875260e-05 8.738280303077772260e-05
8.845808679325273260e-05 9.032561501953750849e-05 8.754112786846235394e-05
8.742758018343010917e-05 8.844999683788046241e-05 8.570744103053584695e-05
8.679035590830608271e-05 8.749363041715696454e-05 8.454458293272182345e-05
8.662344725962611847e-05 8.711619739187881351e-05 8.432177855866029859e-05
8.749997732593328692e-05 8.971880015451461077e-05 8.657702710479497910e-05
1.682706074461748358e-04 4.672370851039886475e-04 4.665819578804075718e-04
4.019941434307838790e-04 1.676494139246642590e-04 1.660618290770798922e-04
1.226253652930608951e-04 9.718244837131351233e-05 9.455037070438265800e-05
9.372085878567304462e-05 8.953691576607525349e-05 8.649490337120369077e-05
8.733346385270124301e-05 8.930543845053762197e-05 8.628426439827308059e-05
8.564141671740799211e-05 8.614570833742618561e-05 8.344597881659865379e-05
8.480774522467982024e-05 8.482267730869352818e-05 8.179972064681351185e-05
8.430136767856311053e-05 8.460363460471853614e-05 8.164178871084004641e-05
8.445846924587385729e-05 8.510993211530148983e-05 8.204990444937720895e-05
1.119134208238392603e-04 2.274145954288542271e-04 2.252912818221375346e-04
4.174522268840519246e-04 2.987644984386861324e-04 2.964863087981939316e-04
1.514666382718132809e-04 1.318956492468714714e-04 1.302237360505387187e-04
9.607481069906498305e-05 9.561231127008795738e-05 9.314520866610109806e-05
8.598254726166487671e-05 8.714432624401524663e-05 8.455214265268296003e-05
8.358016839338233694e-05 8.374958269996568561e-05 8.078676182776689529e-05
8.259519518105662428e-05 8.250999235315248370e-05 7.955598994158208370e-05
8.210865189539617859e-05 8.232426625909283757e-05 7.941860530991107225e-05
8.216195328714093193e-05 8.172206435119733214e-05 7.912257569842040539e-05
8.685772036187699996e-05 1.010037740343250334e-04 9.828760812524706125e-05
3.625073004513978958e-04 4.333207616582512856e-04 4.324080655351281166e-04
1.691175998530525248e-04 1.381776819471269846e-04 1.355717104161158204e-04
9.664286653787712567e-05 8.873829210642725229e-05 8.589714707341045141e-05
8.358012337339459918e-05 8.065323345363140106e-05 7.803236076142638922e-05
8.144034882207051851e-05 8.121767314150929451e-05 7.887082756496965885e-05
8.120010124912369065e-05 7.966705015860497952e-05 7.741266017546877265e-05
8.045764707276248373e-05 7.923239172669127584e-05 7.711266516707837582e-05
8.136352516885381192e-05 8.145597530528903008e-05 7.944040407892316580e-05
1.345094251519185491e-04 3.335008514113724232e-04 3.322601260151714087e-04
3.732839322765357792e-04 2.355001633986830711e-04 2.345904795220121741e-04
1.202330327032541391e-04 1.076257176464423537e-04 1.058553316397592425e-04
8.764439371589105576e-05 8.644895569887012243e-05 8.462546975351870060e-05
8.120768598018912598e-05 8.136923861457034945e-05 7.944477692944929004e-05
7.944905291878967546e-05 7.833626295905560255e-05 7.605434802826493979e-05
7.849971825635293499e-05 7.803682092344388366e-05 7.565553096355870366e-05
7.834138796170009300e-05 7.779745646985247731e-05 7.544516847701743245e-05
7.824469275874434970e-05 7.816258585080504417e-05 7.576079951832070947e-05
1.010703413157898467e-04 2.136882976628839970e-04 2.116720861522480845e-04
4.473220692489121575e-04 3.529396199155598879e-04 3.536357835400849581e-04
1.522148081676277798e-04 9.882307494990527630e-05 9.663672972237691283e-05
8.880461791704874486e-05 7.812587136868387461e-05 7.559425284853205085e-05
8.006204552657436579e-05 7.741409353911876678e-05 7.500681385863572359e-05
7.738481963315280154e-05 7.656477828277274966e-05 7.412365812342613935e-05
7.673087566217873245e-05 7.656633533770218492e-05 7.424985233228653669e-05
7.650800989722483791e-05 7.637004455318674445e-05 7.413395360345020890e-05
7.625215948792174459e-05 7.575262134196236730e-05 7.349826046265661716e-05
7.609373278683051467e-05 7.528169226134195924e-05 7.320484291994944215e-05
7.650860379726509564e-05 7.596889190608635545e-05 7.391333201667293906e-05
1.139126188718364574e-04 2.779617207124829292e-04 2.761645591817796230e-04
4.176290026407514233e-04 2.696764131542295218e-04 2.698058378882706165e-04
1.290303239329659846e-04 7.830926188034936786e-05 7.641912816325202584e-05
8.612196597823640332e-05 7.735150575172156096e-05 7.511030707973986864e-05
7.893551173765445128e-05 7.484073285013437271e-05 7.286915206350386143e-05
7.653095644855056889e-05 7.371575338765978813e-05 7.182172703323885798e-05
7.630132131453137845e-05 7.760064909234642982e-05 7.576387724839150906e-05
7.639066234332858585e-05 7.680113776586949825e-05 7.385999924736097455e-05
7.522426312789320946e-05 7.347376958932727575e-05 7.136406202334910631e-05
7.672077344977878965e-05 7.796414138283580542e-05 7.520850340370088816e-05
8.309523354910197668e-05 1.575258647790178657e-04 1.535577757749706507e-04
4.394684483486344106e-04 1.809839159250259399e-04 1.788318913895636797e-04
3.022028886334737763e-04 2.154995891032740474e-04 2.134824317181482911e-04
1.732071546030056197e-04 2.231866528745740652e-04 2.176737179979681969e-04
1.391587820762651972e-04 1.092968741431832314e-04 1.060378999682143331e-04
1.156194934992527124e-04 8.339195483131334186e-05 8.155502291629090905e-05
1.173468403976585250e-04 8.525089651811867952e-05 8.338337647728621960e-05
1.103119602703372948e-04 7.961635856190696359e-05 7.775695121381431818e-05
1.083119468603399582e-04 9.277457866119220853e-05 9.034002869157120585e-05
1.131057415477698669e-04 1.070038415491580963e-04 1.025656529236584902e-04
1.218167176375573035e-04 1.010796695481985807e-04 9.813147335080429912e-05
1.308111632170039229e-04 7.861730409786105156e-05 7.665059092687442899e-05
1.324520558227959555e-04 8.406801498495042324e-05 8.231348328990861773e-05
1.156991543211915996e-04 1.121779496315866709e-04 1.109600125346332788e-04
1.179331420644302852e-04 7.813355477992445230e-05 7.596250361530110240e-05
8.967179155661142431e-05 9.966030484065413475e-05 9.502019383944571018e-05
8.750740744289942086e-05 7.171429024310782552e-05 7.039487536530941725e-05
9.233350510839954950e-05 9.368401515530422330e-05 9.240271174348890781e-05
2.485996287759917323e-04 4.547459539026021957e-04 4.561487294267863035e-04
1.941990067280130461e-04 6.964341446291655302e-05 6.802666030125692487e-05
8.054536283452762291e-05 7.611582259414717555e-05 7.484493835363537073e-05
7.459813514287816361e-05 6.974738789722323418e-05 6.749246676918119192e-05
7.027803530945675448e-05 6.835726526333019137e-05 6.660240615019574761e-05
8.725043335289228708e-05 1.498649216955527663e-04 1.483511296100914478e-04
3.330205013298837002e-04 4.330148221924901009e-04 4.159596574027091265e-04
