4.690527226775884628e-01 2.837768793106079102e-01 2.838892340660095215e-01
1.950792260468006134e-01 1.184189170598983765e-01 1.178673207759857178e-01
8.844368252903223038e-02 6.810542941093444824e-02 6.827632337808609009e-02
6.201884895563125610e-02 5.806393921375274658e-02 5.830734968185424805e-02
5.683959624730050564e-02 5.482588335871696472e-02 5.502128228545188904e-02
5.397110269404947758e-02 5.249023437500000000e-02 5.262370407581329346e-02
5.186706501990556717e-02 5.050898343324661255e-02 5.062390118837356567e-02
4.990875557996332645e-02 4.856903105974197388e-02 4.868528619408607483e-02
4.798128269612789154e-02 4.662744700908660889e-02 4.672310873866081238e-02
4.600781202316284180e-02 4.457986354827880859e-02 4.469823837280273438e-02
4.396232473663985729e-02 4.245498031377792358e-02 4.257379844784736633e-02
4.182423138990998268e-02 4.021516442298889160e-02 4.032732173800468445e-02
3.954146057367324829e-02 3.783399239182472229e-02 3.794359043240547180e-02
3.711913852021098137e-02 3.531287238001823425e-02 3.542832285165786743e-02
3.453222359530627728e-02 3.262707591056823730e-02 3.276512026786804199e-02
3.176247002556920052e-02 2.984572201967239380e-02 2.988889440894126892e-02
2.878436213359236717e-02 2.680607698857784271e-02 2.681430056691169739e-02
2.561040048021823168e-02 2.360980957746505737e-02 2.357310056686401367e-02
2.223365078680217266e-02 2.019922994077205658e-02 2.011548355221748352e-02
1.871313457377254963e-02 1.668202690780162811e-02 1.661763526499271393e-02
1.505493005970492959e-02 1.303624548017978668e-02 1.303587667644023895e-02
1.146157283801585436e-02 9.625109843909740448e-03 9.639144875109195709e-03
8.176679752068594098e-03 6.786331534385681152e-03 6.699747405946254730e-03
5.526963941520079970e-03 4.573149606585502625e-03 4.599035251885652542e-03
3.698796208482235670e-03 3.041929798200726509e-03 3.106532152742147446e-03
2.608684822916984558e-03 2.282890025526285172e-03 2.314649056643247604e-03
2.179479502956382930e-03 2.055805409327149391e-03 2.083753701299428940e-03
2.040860519628040493e-03 1.980089815333485603e-03 2.000500913709402084e-03
1.980042688956018537e-03 1.927814679220318794e-03 1.961437985301017761e-03
1.929930447658989578e-03 1.874431269243359566e-03 1.912783365696668625e-03
1.878314942587167025e-03 1.822485821321606636e-03 1.857921248301863670e-03
1.826823026931378990e-03 1.768185524269938469e-03 1.804639352485537529e-03
1.774350123014301062e-03 1.718798419460654259e-03 1.750029972754418850e-03
1.725434587569907308e-03 1.673656050115823746e-03 1.704475726000964642e-03
1.674676605034619570e-03 1.624055439606308937e-03 1.658760476857423782e-03
1.626209857931826264e-03 1.572828041389584541e-03 1.610039500519633293e-03
1.577847469889093190e-03 1.529075670987367630e-03 1.566013437695801258e-03
1.532543545181397349e-03 1.476922887377440929e-03 1.519205863587558270e-03
1.486408706114161760e-03 1.431228127330541611e-03 1.475939061492681503e-03
1.441456850443501025e-03 1.388318371027708054e-03 1.424174173735082150e-03
1.397071544488426298e-03 1.347032375633716583e-03 1.385117648169398308e-03
1.350991537037771195e-03 1.303112017922103405e-03 1.346965203993022442e-03
1.309088736888952553e-03 1.265985658392310143e-03 1.304731122218072414e-03
1.266440995095763355e-03 1.227872329764068127e-03 1.261998200789093971e-03
1.225709223945159465e-03 1.189380651339888573e-03 1.218726392835378647e-03
1.186464331112802029e-03 1.151103875599801540e-03 1.181367435492575169e-03
1.144904497778043151e-03 1.113013597205281258e-03 1.141225453466176987e-03
1.106155512388795614e-03 1.076233573257923126e-03 1.102831563912332058e-03
1.068810001015663147e-03 1.042823540046811104e-03 1.061794813722372055e-03
1.030576080665923655e-03 1.002031145617365837e-03 1.027933089062571526e-03
9.931169915944337845e-04 9.652837179601192474e-04 9.885613108053803444e-04
9.560555845382623374e-04 9.291043970733880997e-04 9.456679690629243851e-04
9.216539219778496772e-04 8.950177580118179321e-04 9.099738672375679016e-04
8.884589296940248460e-04 8.615609258413314819e-04 8.730868576094508171e-04
8.577404114475939423e-04 8.322142530232667923e-04 8.437422802671790123e-04
8.268032906926237047e-04 8.003064431250095367e-04 8.090589544735848904e-04
7.958272835821844637e-04 7.689363555982708931e-04 7.801953470334410667e-04
7.685144955758005381e-04 7.432494894601404667e-04 7.561683887615799904e-04
7.418104542011860758e-04 7.193578057922422886e-04 7.301924051716923714e-04
7.171598772401921451e-04 6.941897445358335972e-04 7.069795392453670502e-04
6.926963724254164845e-04 6.695993361063301563e-04 6.871043588034808636e-04
6.712172871630173177e-04 6.517331348732113838e-04 6.666223634965717793e-04
6.499550800072029233e-04 6.316721555776894093e-04 6.466283812187612057e-04
6.311498145805671811e-04 6.150646950118243694e-04 6.264021503739058971e-04
6.128564928076229990e-04 5.986824398860335350e-04 6.083193002268671989e-04
5.956035929557401687e-04 5.830251611769199371e-04 5.893791676498949528e-04
5.798661186418030411e-04 5.686080548912286758e-04 5.749316187575459480e-04
5.652803483826573938e-04 5.564833409152925014e-04 5.606961203739047050e-04
5.515328521141782403e-04 5.434193299151957035e-04 5.465545691549777985e-04
5.387181408877950162e-04 5.299426848068833351e-04 5.348928389139473438e-04
5.268634558888152242e-04 5.195233970880508423e-04 5.227946094237267971e-04
5.160279361007269472e-04 5.100303096696734428e-04 5.119690904393792152e-04
5.055430447100661695e-04 4.992600879631936550e-04 5.029242020100355148e-04
4.956836619385285303e-04 4.895573947578668594e-04 4.945596447214484215e-04
4.867460593231953681e-04 4.802029579877853394e-04 4.859819600824266672e-04
4.785117580468067899e-04 4.730066284537315369e-04 4.777152207680046558e-04
4.702817786892410368e-04 4.660550621338188648e-04 4.706979379989206791e-04
4.626101945177651942e-04 4.595263744704425335e-04 4.634213109966367483e-04
4.551579640974523500e-04 4.530422447714954615e-04 4.558982327580451965e-04
4.474813504202757031e-04 4.454560403246432543e-04 4.486788238864392042e-04
4.404154478834243491e-04 4.395226424094289541e-04 4.424570070113986731e-04
4.335631529102101922e-04 4.334663390181958675e-04 4.358587611932307482e-04
4.267938220436917618e-04 4.277857369743287563e-04 4.297072009649127722e-04
4.201095507596619427e-04 4.216181114315986633e-04 4.236644308548420668e-04
4.137031173740979284e-04 4.159905074629932642e-04 4.178408998996019363e-04
4.071877337992191315e-04 4.109152359887957573e-04 4.126383282709866762e-04
4.008012383565073833e-04 4.052028816659003496e-04 4.069960559718310833e-04
3.943500159948598593e-04 4.000706248916685581e-04 4.020316700916737318e-04
3.880356034642318264e-04 3.952712286263704300e-04 3.986000083386898041e-04
3.813235944107873365e-04 3.915668930858373642e-04 3.950019017793238163e-04
3.746746988326776773e-04 3.876833943650126457e-04 3.932162071578204632e-04
3.685206356749404222e-04 3.833578375633805990e-04 3.901223826687783003e-04
3.620604329626075923e-04 3.797060344368219376e-04 3.857423434965312481e-04
3.555927651177626103e-04 3.735891077667474747e-04 3.792838542722165585e-04
3.490604176477063447e-04 3.662565140984952450e-04 3.699410881381481886e-04
3.419350614422000945e-04 3.558065509423613548e-04 3.585804079193621874e-04
3.347923993715085089e-04 3.462535096332430840e-04 3.470638184808194637e-04
3.276441620982950553e-04 3.348712052684277296e-04 3.350358165334910154e-04
3.202837633580202237e-04 3.265002451371401548e-04 3.251186863053590059e-04
3.131263638351811096e-04 3.173541626892983913e-04 3.172190336044877768e-04
3.058193742617731914e-04 3.083806077484041452e-04 3.084382624365389347e-04
2.985070077556883916e-04 2.999557764269411564e-04 2.994480892084538937e-04
2.911987321567721665e-04 2.923083957284688950e-04 2.908761380240321159e-04
2.838363161572488025e-04 2.823905379045754671e-04 2.832824247889220715e-04
2.769719467323739082e-04 2.744196972344070673e-04 2.760412462521344423e-04
2.699383931030752137e-04 2.675094874575734138e-04 2.675048308447003365e-04
2.630677063280018046e-04 2.606624620966613293e-04 2.600887091830372810e-04
2.561767287261318415e-04 2.526341413613408804e-04 2.531860664021223783e-04
2.492082458047661930e-04 2.456723013892769814e-04 2.464524004608392715e-04
2.425456223136279732e-04 2.389976871199905872e-04 2.398297656327486038e-04
2.358586098125670105e-04 2.322587388334795833e-04 2.333813026780262589e-04
2.293228581038420089e-04 2.260971523355692625e-04 2.268841635668650270e-04
2.230343652627198026e-04 2.205845958087593317e-04 2.212327526649460196e-04
2.168064793295343406e-04 2.152431552531197667e-04 2.158454008167609572e-04
2.106312476826133206e-04 2.104809827869758010e-04 2.110466593876481056e-04
2.043975619017146528e-04 2.043197018792852759e-04 2.049454051302745938e-04
1.981010891540790908e-04 1.965059782378375530e-04 1.968776050489395857e-04
1.916777810038183816e-04 1.885002129711210728e-04 1.889473787741735578e-04
1.852602190410834737e-04 1.818305754568427801e-04 1.819409808376803994e-04
1.792213297449052334e-04 1.757198479026556015e-04 1.758502039592713118e-04
1.734688248689053580e-04 1.699891727184876800e-04 1.700089196674525738e-04
1.679249817243544385e-04 1.645359006943181157e-04 1.645773299969732761e-04
1.626029352337354794e-04 1.592501939740031958e-04 1.591880427440628409e-04
1.574805692143854685e-04 1.541809324407950044e-04 1.540438097435981035e-04
1.526111263956408948e-04 1.493178424425423145e-04 1.491771690780296922e-04
1.479821130487835035e-04 1.446738897357136011e-04 1.444970403099432588e-04
1.436517659385572188e-04 1.402094494551420212e-04 1.400382170686498284e-04
1.397246214764891192e-04 1.359232410322874784e-04 1.357694418402388692e-04
1.364009185635950416e-04 1.319953444181010127e-04 1.318828581133857369e-04
1.334452963419607840e-04 1.290049840463325381e-04 1.288951898459345102e-04
1.310514880970004015e-04 1.270622160518541932e-04 1.270221400773152709e-04
1.283557730857864954e-04 1.232222275575622916e-04 1.232053327839821577e-04
1.250928748959267978e-04 1.191655319416895509e-04 1.192519266624003649e-04
1.199671005451818928e-04 1.173181444755755365e-04 1.175777433672919869e-04
1.225309651999850757e-04 1.251669018529355526e-04 1.286237384192645550e-04
1.396048273818450980e-04 1.685393799562007189e-04 1.726706686895340681e-04
1.650297726882854477e-04 1.625538570806384087e-04 1.665682793827727437e-04
1.397734326928912196e-04 1.508722489234060049e-04 1.562063844176009297e-04
1.715338039502967149e-04 1.912719744723290205e-04 2.009938034461811185e-04
1.404448103130562231e-04 1.328109647147357464e-04 1.387081283610314131e-04
1.632977227927767672e-04 2.192451647715643048e-04 2.268188691232353449e-04
1.600459931978548411e-04 1.355662534479051828e-04 1.412577985320240259e-04
1.451808798265119549e-04 1.953406899701803923e-04 2.053530624834820628e-04
1.806868931453209370e-04 1.583754346938803792e-04 1.628267782507464290e-04
1.271081409868202172e-04 1.406716764904558659e-04 1.456633035559207201e-04
1.910335795400897041e-04 2.254538412671536207e-04 2.374218311160802841e-04
1.313936459155229386e-04 1.046981342369690537e-04 1.076720218406990170e-04
1.395034369124914519e-04 2.624162007123231888e-04 2.750125131569802761e-04
2.201342135776940268e-04 1.127615105360746384e-04 1.162241533165797591e-04
1.020635572785977274e-04 1.001869532046839595e-04 1.004087025648914278e-04
1.024928806145908311e-04 9.861578291747719049e-05 9.898909047478809953e-05
1.467193442294956185e-04 2.891316544264554977e-04 2.906055597122758627e-04
2.986019494528591167e-04 1.622378476895391941e-04 1.667948672547936440e-04
1.609604114491958171e-04 9.522555046714842319e-05 9.552402480039745569e-05
1.004704740807937924e-04 9.475011756876483560e-05 9.521514584776014090e-05
1.033559842653630767e-04 1.491715956944972277e-04 1.533049507997930050e-04
2.988459182233782485e-04 1.829760003602132201e-04 1.918591442517936230e-04
1.434138125659956131e-04 1.120382657973095775e-04 1.124585687648504972e-04
1.268927544515463524e-04 1.751499657984822989e-04 1.839689211919903755e-04
1.448811176487652119e-04 1.441361382603645325e-04 1.478705671615898609e-04
1.621358978809439577e-04 2.240639587398618460e-04 2.384899707976728678e-04
1.814229844967485406e-04 1.562476827530190349e-04 1.602725533302873373e-04
1.379600662403390743e-04 1.765907800290733576e-04 1.850317203206941485e-04
2.058749869320308790e-04 2.067902241833508015e-04 2.176534180762246251e-04
1.235162712873716373e-04 1.030882995110005140e-04 1.078984059859067202e-04
1.477189302931947168e-04 2.993160742335021496e-04 3.150781267322599888e-04
2.398474898654967546e-04 1.058070483850315213e-04 1.090970908990129828e-04
1.007717696666077245e-04 1.019386400002986193e-04 1.022860160446725786e-04
1.123720580835652072e-04 1.220494741573929787e-04 1.225674059242010117e-04
2.607967117000953294e-04 2.875188947655260563e-04 2.889589814003556967e-04
1.713544429549074266e-04 2.158735878765583038e-04 2.290356787852942944e-04
1.477971572967362590e-04 1.077120250556617975e-04 1.127894356613978744e-04
1.107173634409264196e-04 1.623848220333456993e-04 1.697634725132957101e-04
2.627848234624252655e-04 2.423996047582477331e-04 2.550677454564720392e-04
1.228716478181013372e-04 1.207853565574623644e-04 1.214279182022437453e-04
1.115464560825785156e-04 9.205492096953094006e-05 9.294797200709581375e-05
9.359463956570834853e-05 1.141351676778867841e-04 1.188876267406158149e-04
3.756722039724991191e-04 4.717568226624280214e-04 4.895191523246467113e-04
2.010421244449389633e-04 9.126725490204989910e-05 9.183465590467676520e-05
1.317030796599283349e-04 9.259720536647364497e-05 9.320530080003663898e-05
9.848717036220477894e-05 9.853079245658591390e-05 1.020084018819034100e-04
1.114041820073907729e-04 1.519478100817650557e-04 1.585862482897937298e-04
1.793864184946869500e-04 2.584748435765504837e-04 2.707357925828546286e-04
1.667386909502965864e-04 1.431134296581149101e-04 1.468553964514285326e-04
1.375218407702050172e-04 2.229663514299318194e-04 2.355291217099875212e-04
2.300124442626838572e-04 1.935361942742019892e-04 2.059446123894304037e-04
1.054541203302505892e-04 9.146771481027826667e-05 9.146217780653387308e-05
9.113618580158799887e-05 9.716928616398945451e-05 1.009540064842440188e-04
2.275686579196189996e-04 7.716945838183164597e-04 7.873375434428453445e-04
3.114705282314389478e-04 1.661254791542887688e-04 1.669742341618984938e-04
1.328352345808525570e-04 1.378616143483668566e-04 1.409623946528881788e-04
9.677245179773308337e-05 9.120855247601866722e-05 9.183360089082270861e-05
9.238068560080137104e-05 1.087454875232651830e-04 1.150129974121227860e-04
2.211119935964234173e-04 4.440620832610875368e-04 4.694701055996119976e-04
1.833110968618711922e-04 1.023318836814723909e-04 1.025221718009561300e-04
1.087722762349585537e-04 9.206395043293014169e-05 9.242731903214007616e-05
9.234277695213677362e-05 8.647009963169693947e-05 8.683474152348935604e-05
8.849726191328954883e-05 8.776605682214722037e-05 8.717367018107324839e-05
2.286142198499874212e-04 1.198748010210692883e-03 1.216123113408684731e-03
5.704910563508747146e-04 9.044694161275401711e-05 9.136130393017083406e-05
1.842998472056933679e-04 8.857640932546928525e-05 8.987874753074720502e-05
1.190778466479969211e-04 9.090422827284783125e-05 9.144155774265527725e-05
9.937467575582559220e-05 9.271978342439979315e-05 9.307600703323259950e-05
9.385959629071294330e-05 8.628486102679744363e-05 8.582277223467826843e-05
8.833398260321700945e-05 8.756140596233308315e-05 8.768815314397215843e-05
9.085658757612691261e-05 9.255817712983116508e-05 9.532418334856629372e-05
1.075008790394349489e-04 1.607330050319433212e-04 1.677675027167424560e-04
2.547594976931577548e-04 2.431815082672983408e-04 2.571454970166087151e-04
1.180234789899259340e-04 1.078964851330965757e-04 1.081937080016359687e-04
1.094179433493991382e-04 9.772138582775369287e-05 9.777303057489916682e-05
1.383684743814228568e-04 2.221360482508316636e-04 2.229930832982063293e-04
2.758984201136627235e-04 9.551707626087591052e-05 9.579543257132172585e-05
1.416354980392497964e-04 2.094801457133144140e-04 2.209469384979456663e-04
1.293473369514686055e-04 9.815319208428263664e-05 1.023856748361140490e-04
1.290759141738817561e-04 2.464641002006828785e-04 2.605205809231847525e-04
2.646272578203934245e-04 1.353774568997323513e-04 1.395754516124725342e-04
1.063249083017581142e-04 1.101865127566270530e-04 1.104782786569558084e-04
1.042377330122690182e-04 8.988591434899717569e-05 9.016296826303005219e-05
1.080627816918422468e-04 1.562896359246224165e-04 1.568517036503180861e-04
3.505687354845576920e-04 1.273524540010839701e-04 1.277174596907570958e-04
1.742452536745986436e-04 1.084365285350941122e-04 1.129024167312309146e-04
1.072361919796094298e-04 8.779908239375799894e-05 8.782606892054900527e-05
1.024928942570113577e-04 1.517700147815048695e-04 1.616857334738597274e-04
1.761508819981827401e-04 2.331267169211059809e-04 2.452311746310442686e-04
1.472227490921795834e-04 1.294760586461052299e-04 1.338292786385864019e-04
1.528349425825581420e-04 2.628071233630180359e-04 2.742337528616189957e-04
1.984684649869450368e-04 1.598440867383033037e-04 1.685405150055885315e-04
1.092849233828019351e-04 1.118942091125063598e-04 1.158095401478931308e-04
1.846269510679121595e-04 4.036761529278010130e-04 4.283225862309336662e-04
1.810709895835316274e-04 9.166285599349066615e-05 9.193829464493319392e-05
1.032761501846835017e-04 9.902403689920902252e-05 9.928755753207951784e-05
1.211425483234052081e-04 1.556213974254205823e-04 1.561486860737204552e-04
3.128691541860462166e-04 1.150132593465968966e-04 1.153394550783559680e-04
1.886754293991543818e-04 1.332781394012272358e-04 1.387200754834339023e-04
1.071217166099813767e-04 9.031832451000809669e-05 9.078452421817928553e-05
1.055038824233633932e-04 1.553165493533015251e-04 1.645112643018364906e-04
1.578812766638293397e-04 1.872989814728498459e-04 1.975372433662414551e-04
1.637679151826887392e-04 1.451548305340111256e-04 1.469719427404925227e-04
1.489712794864317402e-04 1.792235998436808586e-04 1.825111248763278127e-04
1.834426229834207334e-04 1.660391135374084115e-04 1.694892998784780502e-04
1.362460175187152345e-04 1.319724397035315633e-04 1.350743405055254698e-04
1.713091746751160827e-04 2.352796145714819431e-04 2.449305611662566662e-04
1.692673872639716137e-04 1.043177690007723868e-04 1.067234770744107664e-04
1.097380204555520322e-04 1.539269578643143177e-04 1.578649389557540417e-04
2.381599824730074033e-04 2.340040227863937616e-04 2.453615015838295221e-04
1.135449383582454175e-04 8.488727326039224863e-05 8.484898717142641544e-05
8.786473972577368841e-05 8.205293852370232344e-05 8.217187132686376572e-05
9.259692296836874448e-05 1.744889887049794197e-04 1.848661922849714756e-04
4.261634367139777169e-04 2.612882817629724741e-04 2.600612933747470379e-04
1.787880059964663815e-04 1.010286869131959975e-04 1.048670892487280071e-04
