3.780011059716343880e-01 2.125734388828277588e-01 2.143688499927520752e-01
1.243293182924389839e-01 7.714176177978515625e-02 7.790257036685943604e-02
6.346496753394603729e-02 5.588599666953086853e-02 5.570171028375625610e-02
5.449693626724183559e-02 5.323859676718711853e-02 5.307351797819137573e-02
5.150630348362028599e-02 5.055051669478416443e-02 5.059494823217391968e-02
4.967286158353090286e-02 4.892945289611816406e-02 4.906377941370010376e-02
4.814666509628295898e-02 4.739020764827728271e-02 4.750470817089080811e-02
4.660798492841422558e-02 4.575768113136291504e-02 4.586712270975112915e-02
4.491976532153785229e-02 4.392073303461074829e-02 4.404170066118240356e-02
4.302688920870423317e-02 4.189050942659378052e-02 4.201306402683258057e-02
4.087914503179490566e-02 3.956668451428413391e-02 3.968335315585136414e-02
3.842565719969570637e-02 3.684771806001663208e-02 3.701609000563621521e-02
3.557823668234050274e-02 3.373914211988449097e-02 3.389430418610572815e-02
3.225577669218182564e-02 3.007493168115615845e-02 3.024847432971000671e-02
2.840501093305647373e-02 2.583708241581916809e-02 2.602150663733482361e-02
2.393574384041130543e-02 2.099468745291233063e-02 2.118941769003868103e-02
1.889040216337889433e-02 1.579102873802185059e-02 1.588138379156589508e-02
1.340300735319033265e-02 1.040271483361721039e-02 1.050070952624082565e-02
8.011213678400963545e-03 5.574536975473165512e-03 5.519772879779338837e-03
3.903087024809792638e-03 2.468401100486516953e-03 2.491277176886796951e-03
1.967796335520688444e-03 1.721458043903112411e-03 1.731884898617863655e-03
1.693627287750132382e-03 1.645050477236509323e-03 1.638750778511166573e-03
1.586439189850352705e-03 1.528555294498801231e-03 1.518335426226258278e-03
1.479487378674093634e-03 1.431370968930423260e-03 1.427857670933008194e-03
1.390332035953179002e-03 1.349731581285595894e-03 1.340689137578010559e-03
1.305369143665302545e-03 1.268693362362682819e-03 1.245570252649486065e-03
1.225365231221076101e-03 1.194427604787051678e-03 1.169285736978054047e-03
1.150604650320019573e-03 1.123934285715222359e-03 1.099438639357686043e-03
1.081559159501921386e-03 1.053116749972105026e-03 1.035989727824926376e-03
1.018640250549651682e-03 9.926406200975179672e-04 9.683013195171952248e-04
9.604015103832352906e-04 9.319171076640486717e-04 9.199435589835047722e-04
9.080539166461676359e-04 8.845375850796699524e-04 8.689414244145154953e-04
8.609751312178559601e-04 8.381448569707572460e-04 8.271482656709849834e-04
8.166285078914370388e-04 7.985151605680584908e-04 7.903887890279293060e-04
7.754533398838248104e-04 7.597982767038047314e-04 7.534592878073453903e-04
7.381892573903314769e-04 7.268190383911132812e-04 7.272249786183238029e-04
7.076585970935411751e-04 7.002741331234574318e-04 6.997715099714696407e-04
6.777671296731568873e-04 6.735238712280988693e-04 6.681698723696172237e-04
6.520255956274922937e-04 6.467335042543709278e-04 6.347965681925415993e-04
6.280309498833958060e-04 6.231098668649792671e-04 6.131159607321023941e-04
6.065609886718448251e-04 5.984599702060222626e-04 5.933856591582298279e-04
5.857348915014881641e-04 5.822786479257047176e-04 5.734799196943640709e-04
5.674284911947324872e-04 5.658665322698652744e-04 5.585383041761815548e-04
5.505443514266517013e-04 5.494707729667425156e-04 5.444039124995470047e-04
5.356752444640733302e-04 5.322518991306424141e-04 5.308438558131456375e-04
5.211111274547874928e-04 5.196974379941821098e-04 5.157124251127243042e-04
5.074045475339516997e-04 5.045316647738218307e-04 4.995348863303661346e-04
4.940845265082316473e-04 4.909927956759929657e-04 4.880640772171318531e-04
4.814792519027832896e-04 4.804736527148634195e-04 4.775867564603686333e-04
4.694638100772863254e-04 4.692756338045001030e-04 4.643940774258226156e-04
4.574817248794715852e-04 4.578604130074381828e-04 4.524387186393141747e-04
4.464845787879312411e-04 4.460823838599026203e-04 4.413558926898986101e-04
4.361628816695883870e-04 4.348437360022217035e-04 4.318128630984574556e-04
4.254756167938467115e-04 4.244399024173617363e-04 4.219905240461230278e-04
4.154497364652343094e-04 4.140173841733485460e-04 4.112799651920795441e-04
4.055179615534143522e-04 4.031614225823432207e-04 4.014768637716770172e-04
3.961322545364964753e-04 3.938849840778857470e-04 3.921177412848919630e-04
3.864259761030552909e-04 3.834423550870269537e-04 3.839107812382280827e-04
3.770900639210594818e-04 3.748770104721188545e-04 3.747209266293793917e-04
3.675356601888779551e-04 3.648009151220321655e-04 3.648281854111701250e-04
3.579660442483145744e-04 3.555751754902303219e-04 3.546670195646584034e-04
3.487842459435341880e-04 3.452840901445597410e-04 3.449319920036941767e-04
3.393332408450078219e-04 3.352232160978019238e-04 3.356549714226275682e-04
3.301153828942915425e-04 3.243053215555846691e-04 3.265216073486953974e-04
3.211172697774600238e-04 3.146905219182372093e-04 3.174312005285173655e-04
3.120778183074435219e-04 3.058754664380103350e-04 3.083674819208681583e-04
3.031502892554271966e-04 2.973368391394615173e-04 2.992916270159184933e-04
2.944252264569513500e-04 2.885923604480922222e-04 2.905327710323035717e-04
2.858953084796667099e-04 2.795763430185616016e-04 2.818857610691338778e-04
2.773982232611160725e-04 2.713773283176124096e-04 2.732068242039531469e-04
2.690815726964501664e-04 2.629801456350833178e-04 2.645781205501407385e-04
2.607533697300823405e-04 2.549646887928247452e-04 2.566149050835520029e-04
2.524504925531800836e-04 2.472120104357600212e-04 2.487336460035294294e-04
2.446221651553059928e-04 2.394641051068902016e-04 2.411238092463463545e-04
2.367879178564180620e-04 2.318985789315775037e-04 2.336210600333288312e-04
2.291123246322968043e-04 2.244726347271353006e-04 2.261108747916296124e-04
2.215187678302754648e-04 2.170797961298376322e-04 2.188520738855004311e-04
2.142591538358828984e-04 2.096396783599629998e-04 2.115842071361839771e-04
2.072232446153066121e-04 2.023152628680691123e-04 2.040618855971843004e-04
2.004157022383878939e-04 1.950018631760030985e-04 1.967883727047592402e-04
1.937106171681080014e-04 1.880628551589325070e-04 1.898361806524917483e-04
1.870416108431527391e-04 1.815764844650402665e-04 1.833390706451609731e-04
1.804230259949690662e-04 1.753737160470336676e-04 1.770631351973861456e-04
1.741080877764034085e-04 1.693731028353795409e-04 1.711210788926109672e-04
1.682443507888820022e-04 1.636458327993750572e-04 1.653317303862422705e-04
1.626070543352398090e-04 1.581673277541995049e-04 1.598259113961830735e-04
1.572889113958808593e-04 1.532187743578106165e-04 1.547958090668544173e-04
1.523718747193925083e-04 1.488058915128931403e-04 1.502978702774271369e-04
1.480056716900435276e-04 1.455084129702299833e-04 1.468759728595614433e-04
1.444045601601828821e-04 1.443053042748942971e-04 1.455298333894461393e-04
1.418433039361843839e-04 1.460109488107264042e-04 1.470713468734174967e-04
1.405989087288617156e-04 1.467547554057091475e-04 1.476913312217220664e-04
1.405539378538378514e-04 1.350018137600272894e-04 1.359685993520542979e-04
1.377287935611093417e-04 1.209723413921892643e-04 1.222967694047838449e-04
1.267490933969384059e-04 1.204011277877725661e-04 1.221073907800018787e-04
1.178272104880306870e-04 1.145220885518938303e-04 1.158789746114052832e-04
1.159217754320707172e-04 1.182239793706685305e-04 1.200751503347419202e-04
1.743719572004920337e-04 3.524950880091637373e-04 3.570163971744477749e-04
2.314851117262151092e-04 1.394090213580057025e-04 1.397860469296574593e-04
1.362701996185933240e-04 1.199824400828219950e-04 1.235185482073575258e-04
1.085267144844692666e-04 1.011095519061200321e-04 1.024972370942123234e-04
1.005125927804328967e-04 9.875965770334005356e-05 1.000512565951794386e-04
1.214420267388049979e-04 2.489612088538706303e-04 2.550086355768144131e-04
4.915667641398613341e-04 4.003653593827039003e-04 3.991099947597831488e-04
2.219292796326044481e-04 1.944550022017210722e-04 1.940706861205399036e-04
1.330319419139414094e-04 1.248485496034845710e-04 1.249914930667728186e-04
1.072051318260491826e-04 1.097013664548285306e-04 1.099320943467319012e-04
9.970210294341086410e-05 1.034552988130599260e-04 1.037386973621323705e-04
9.880222933134064078e-05 8.872346370480954647e-05 8.937388338381424546e-05
9.428672228750656359e-05 8.856366184772923589e-05 8.928671741159632802e-05
8.690837557878694497e-05 8.508547034580260515e-05 8.608852658653631806e-05
8.598091699241194874e-05 8.555196836823597550e-05 8.597127452958375216e-05
8.955805424193385988e-05 1.099570727092213929e-04 1.164076966233551502e-04
4.574075246637221426e-04 4.706664476543664932e-04 4.770806408487260342e-04
2.198388779106608126e-04 1.645770389586687088e-04 1.733821845846250653e-04
1.055884827110276092e-04 9.167553798761218786e-05 9.265624248655512929e-05
8.396694602197385393e-05 8.102156425593420863e-05 8.117742981994524598e-05
8.127662158585735597e-05 8.027140574995428324e-05 8.060908294282853603e-05
8.146485924953594804e-05 7.992669998202472925e-05 8.019030792638659477e-05
8.000069328772951849e-05 7.928839477244764566e-05 7.936672773212194443e-05
8.004464280020329170e-05 8.004399569472298026e-05 8.067815360845997930e-05
1.578849028192053083e-04 5.527676548808813095e-04 5.507692112587392330e-04
5.613295538751117419e-04 1.945380499819293618e-04 2.015383506659418344e-04
1.356743428004847374e-04 8.150473877321928740e-05 8.159263961715623736e-05
8.909453754313290119e-05 7.766835187794640660e-05 7.777017890475690365e-05
8.105380538836470805e-05 7.693027873756363988e-05 7.714398088864982128e-05
7.896913211880018935e-05 7.670238846912980080e-05 7.661398558411747217e-05
7.764032034174306318e-05 7.636424561496824026e-05 7.628108869539573789e-05
7.667850013604038395e-05 7.624282443430274725e-05 7.597087096655741334e-05
7.717739345025620423e-05 7.799163722665980458e-05 7.845379150239750743e-05
1.428492132617975585e-04 4.285129252821207047e-04 4.268294142093509436e-04
4.908215696559636854e-04 3.078505978919565678e-04 3.103229973930865526e-04
1.325330890722398181e-04 1.056494729709811509e-04 1.130054879467934370e-04
8.200568754546111450e-05 7.611365435877814889e-05 7.645986624993383884e-05
7.509283068429795094e-05 7.596265641041100025e-05 7.602532423334196210e-05
7.596452678626519628e-05 7.490676944144070148e-05 7.493116572732105851e-05
7.501185564251500182e-05 7.506192196160554886e-05 7.485403330065310001e-05
7.766558019284275360e-05 8.358609920833259821e-05 8.383005479117855430e-05
2.567076139712298755e-04 7.473355508409440517e-04 7.447745883837342262e-04
3.319834854664804880e-04 8.760728815104812384e-05 9.259708167519420385e-05
1.001756836558342911e-04 8.922460256144404411e-05 9.391758067067712545e-05
7.714582943663117476e-05 7.346445636358112097e-05 7.328453648369759321e-05
7.373165590252028778e-05 7.343362813116982579e-05 7.323767204070463777e-05
7.538899899373063818e-05 7.531219307566061616e-05 7.529354479629546404e-05
8.226043246395420283e-05 1.040612914948724210e-04 1.038401096593588591e-04
3.942908219869423192e-04 4.980915691703557968e-04 4.960424266755580902e-04
2.019907483372662682e-04 1.451585558243095875e-04 1.445407979190349579e-04
1.115232157644641120e-04 7.368671504082158208e-05 7.357109279837459326e-05
8.074794868662138470e-05 7.516436744481325150e-05 7.514752360293641686e-05
7.271601907632430084e-05 7.247233588714152575e-05 7.240159902721643448e-05
7.223120519483927637e-05 7.198490493465214968e-05 7.177276711445301771e-05
7.350081386903184466e-05 7.789041410433128476e-05 7.824148633517324924e-05
1.926020113387494348e-04 5.998500273562967777e-04 5.976939573884010315e-04
3.845537107736163307e-04 1.762381289154291153e-04 1.852189889177680016e-04
1.030068356158153620e-04 8.737543248571455479e-05 9.040800068760290742e-05
7.662816869924427010e-05 7.299620483536273241e-05 7.335609552683308721e-05
7.237129784698481672e-05 7.066360558383166790e-05 7.074716995703056455e-05
7.317862582567613572e-05 7.250180351547896862e-05 7.301487494260072708e-05
7.588681410197750665e-05 8.383072417927905917e-05 8.381892985198646784e-05
2.682083509171206970e-04 7.057912298478186131e-04 7.033621659502387047e-04
2.856976211660366971e-04 8.111243369057774544e-05 8.212285320041701198e-05
9.332744957646355033e-05 8.492060442222282290e-05 8.735036681173369288e-05
7.393447731374180876e-05 7.103040115907788277e-05 7.152047328418120742e-05
7.093178919603815302e-05 7.020912016741931438e-05 7.000925688771530986e-05
7.195171110652154312e-05 7.487426773877814412e-05 7.497018668800592422e-05
1.110421289922669530e-04 2.320949861314147711e-04 2.310303971171379089e-04
3.964887341680878308e-04 1.013078144751489162e-04 1.086767733795568347e-04
1.319445304943656083e-04 9.938370203599333763e-05 9.912895620800554752e-05
8.166645056917332113e-05 7.682972500333562493e-05 7.712676597293466330e-05
7.631004837094224058e-05 7.187735172919929028e-05 7.210169860627502203e-05
6.955055869184434414e-05 7.076136535033583641e-05 7.097393245203420520e-05
7.307569831027649343e-05 7.823949272278696299e-05 7.842394552426412702e-05
1.769898808561265469e-04 4.895289894193410873e-04 4.876989114563912153e-04
3.346268158566090278e-04 1.828202512115240097e-04 1.917418121593073010e-04
9.887391342999762855e-05 6.987634696997702122e-05 6.951222894713282585e-05
7.351573140113032423e-05 7.425214425893500447e-05 7.455512240994721651e-05
7.229667426145169884e-05 6.948449299670755863e-05 6.918370490893721581e-05
6.845931784482672811e-05 6.920623854966834188e-05 6.900940206833183765e-05
8.151156634994549677e-05 1.352936524199321866e-04 1.346896460745483637e-04
5.108671994094038382e-04 7.203767745522782207e-05 7.199637184385210276e-05
1.759075435074919369e-04 7.196029037004336715e-05 7.248399924719706178e-05
8.742577165321563371e-05 7.012873538769781590e-05 7.059364725137129426e-05
7.243493701025727205e-05 7.253600779222324491e-05 7.259714766405522823e-05
6.975172118472983129e-05 7.088263373589143157e-05 7.118684152374044061e-05
6.931575398994027637e-05 6.807271711295470595e-05 6.790165207348763943e-05
6.832654707977781072e-05 6.824680895078927279e-05 6.826301250839605927e-05
6.817082339694024995e-05 6.876370753161609173e-05 6.923944602021947503e-05
8.670679108035983518e-05 1.583743869559839368e-04 1.577805378474295139e-04
4.730327268589462619e-04 7.824430213076993823e-05 8.256782166427001357e-05
1.577631765030673705e-04 7.147053111111745238e-05 7.172663754317909479e-05
8.246861443694797345e-05 7.386207289528101683e-05 7.420677866321057081e-05
7.139250374166294932e-05 7.358112634392455220e-05 7.375601126113906503e-05
6.938729393368703313e-05 6.734338239766657352e-05 6.737955845892429352e-05
6.813205209255102091e-05 6.691064481856301427e-05 6.676097837043926120e-05
6.673590360151138157e-05 6.723246769979596138e-05 6.726574065396562219e-05
7.147644237193162553e-05 8.564704330638051033e-05 8.539493865100666881e-05
3.194324917785706930e-04 6.450077635236084461e-04 6.428682827390730381e-04
2.199236892010958400e-04 8.541518764104694128e-05 8.514139335602521896e-05
9.527522570351720788e-05 6.822493742220103741e-05 6.807907629990950227e-05
7.043766299830167554e-05 6.837763066869229078e-05 6.843349547125399113e-05
6.657505673501873389e-05 6.686089909635484219e-05 6.725970888510346413e-05
6.649725173701881431e-05 6.613689765799790621e-05 6.619308987865224481e-05
6.796728575864108279e-05 7.396953878924250603e-05 7.385788194369524717e-05
2.176592320211057086e-04 6.477194838225841522e-04 6.456963019445538521e-04
3.153249867864360567e-04 9.899122233036905527e-05 1.039775379467755556e-04
9.027636315295239910e-05 8.369957504328340292e-05 8.575085666961967945e-05
7.004520557529758662e-05 6.549472163897007704e-05 6.555996515089645982e-05
6.580154604307608679e-05 6.591781857423484325e-05 6.640628271270543337e-05
6.678901172563200817e-05 6.573889550054445863e-05 6.601483619306236506e-05
6.670454558843630366e-05 6.998973549343645573e-05 7.053776789689436555e-05
1.639411157157155685e-04 5.070048500783741474e-04 5.053383647464215755e-04
3.786296110774856061e-04 1.871713320724666119e-04 1.969407603610306978e-04
1.014292915897385683e-04 9.012657392304390669e-05 9.345241414848715067e-05
7.146822326831170358e-05 6.561383634107187390e-05 6.550914986291900277e-05
6.542931578223942779e-05 6.626511458307504654e-05 6.670862057944759727e-05
6.543649124068906531e-05 6.495105481008067727e-05 6.485117773991078138e-05
6.505530882350285538e-05 6.623283115914091468e-05 6.642946391366422176e-05
7.684219690418103710e-05 1.149683666881173849e-04 1.145980932051315904e-04
4.006564604424056597e-04 1.781809260137379169e-04 1.772095420164987445e-04
1.545905556668003555e-04 1.484217355027794838e-04 1.478096673963591456e-04
9.110269093071110547e-05 8.990359492599964142e-05 8.928903844207525253e-05
7.292830241567571647e-05 6.805162411183118820e-05 6.838328408775851130e-05
6.720436658724793233e-05 6.565485091414302588e-05 6.566003867192193866e-05
6.423100558095029555e-05 6.523093907162547112e-05 6.472524546552449465e-05
6.382544233929365873e-05 6.527080404339358211e-05 6.517927977256476879e-05
6.737310513926786371e-05 8.198781870305538177e-05 8.195989357773214579e-05
3.353600941409240477e-04 6.358941318467259407e-04 6.337508675642311573e-04
2.103877905028639361e-04 1.332635292783379555e-04 1.326961209997534752e-04
9.441340989724267274e-05 7.367016223724931479e-05 7.391285180347040296e-05
7.043130153761012480e-05 6.533423584187403321e-05 6.502078031189739704e-05
6.471250344475265592e-05 6.544225470861420035e-05 6.515294080600142479e-05
6.296456035670416895e-05 6.529673555633053184e-05 6.528841913677752018e-05
6.288517897701240145e-05 6.530290556838735938e-05 6.495513662230223417e-05
6.702471046082791872e-05 8.145273750415071845e-05 8.156293188221752644e-05
3.164274889968510251e-04 6.047789938747882843e-04 6.027544150128960609e-04
2.009655054280301556e-04 1.108791911974549294e-04 1.102939349948428571e-04
9.082274664251599461e-05 6.570358527824282646e-05 6.542519986396655440e-05
6.782119521631102543e-05 6.499775918200612068e-05 6.457022391259670258e-05
6.295041180237603839e-05 6.397892138920724392e-05 6.396857497747987509e-05
6.173887481963902246e-05 6.397418474080041051e-05 6.382392166415229440e-05
6.304015710156818386e-05 6.579307955689728260e-05 6.576740997843444347e-05
8.679092434249469079e-05 1.654801744734868407e-04 1.647948956815525889e-04
3.758230486710090190e-04 7.560497033409774303e-05 8.049942698562517762e-05
1.260494432244740892e-04 7.633249333593994379e-05 7.640643889317288995e-05
7.262594544954481535e-05 7.506370457122102380e-05 7.503909728256985545e-05
6.509632953566324431e-05 6.406663305824622512e-05 6.357610254781320691e-05
6.298373591562267393e-05 6.293100159382447600e-05 6.301458779489621520e-05
6.092177181926672347e-05 6.259851943468675017e-05 6.225658580660820007e-05
6.352835066536499653e-05 6.810936611145734787e-05 6.845888128736987710e-05
1.434151899957214482e-04 3.839554265141487122e-04 3.826857719104737043e-04
