2.406583083793520927e-01 1.092745214700698853e-01 1.092650219798088074e-01
8.369377721101045609e-02 6.743082404136657715e-02 6.607077270746231079e-02
6.460906937718391418e-02 5.990317463874816895e-02 5.869520455598831177e-02
5.801751348190009594e-02 5.641969665884971619e-02 5.560287088155746460e-02
5.484554544091224670e-02 5.288325995206832886e-02 5.203954130411148071e-02
5.137985851615667343e-02 4.947884380817413330e-02 4.877311736345291138e-02
4.778955341316759586e-02 4.564383625984191895e-02 4.508779942989349365e-02
4.375819838605821133e-02 4.131471365690231323e-02 4.084673523902893066e-02
3.908416791819036007e-02 3.623742237687110901e-02 3.584924340248107910e-02
3.357940097339451313e-02 3.016566485166549683e-02 2.993340417742729187e-02
2.696215303149074316e-02 2.283492870628833771e-02 2.278352156281471252e-02
1.934006449300795794e-02 1.477694604545831680e-02 1.479469239711761475e-02
1.104659121483564377e-02 6.865249946713447571e-03 6.797502283006906509e-03
4.366903856862336397e-03 2.590003423392772675e-03 2.570813521742820740e-03
2.322471074876375496e-03 2.183085074648261070e-03 2.200989285483956337e-03
2.020031628489959985e-03 1.780238933861255646e-03 1.787530956789851189e-03
1.674775274295825511e-03 1.557699404656887054e-03 1.558925490826368332e-03
1.489870453951880336e-03 1.398609485477209091e-03 1.407327596098184586e-03
1.342388743069022894e-03 1.277863630093634129e-03 1.271693501621484756e-03
1.222003331349696964e-03 1.171431504189968109e-03 1.165547873824834824e-03
1.121905705076642334e-03 1.082249800674617290e-03 1.078103436157107353e-03
1.035846573358867317e-03 1.003096112981438637e-03 9.918464347720146179e-04
9.633335430407896638e-04 9.344731224700808525e-04 9.299094090238213539e-04
9.010133544506970793e-04 8.736376184970140457e-04 8.723489008843898773e-04
8.442892503808252513e-04 8.240890456363558769e-04 8.193494286388158798e-04
7.965252698340918869e-04 7.811388932168483734e-04 7.678287802264094353e-04
7.562203390989452600e-04 7.424085633829236031e-04 7.288369815796613693e-04
7.187005212472286075e-04 7.032913854345679283e-04 6.944353226572275162e-04
6.844509189249947667e-04 6.692330935038626194e-04 6.629792042076587677e-04
6.557050837727729231e-04 6.430291105061769485e-04 6.355475634336471558e-04
6.286464413278736174e-04 6.214469322003424168e-04 6.123497150838375092e-04
6.042869936209172010e-04 5.968982004560530186e-04 5.909580504521727562e-04
5.823406536364927888e-04 5.759227205999195576e-04 5.699236062355339527e-04
5.614980727841611952e-04 5.565671017393469810e-04 5.506175803020596504e-04
5.438381049316376448e-04 5.356293404474854469e-04 5.307755200192332268e-04
5.257966258795931935e-04 5.192596581764519215e-04 5.130153149366378784e-04
5.094401931273750961e-04 5.040811374783515930e-04 4.976079217158257961e-04
4.942286705045262352e-04 4.865495720878243446e-04 4.806627694051712751e-04
4.790052553289569914e-04 4.719941643998026848e-04 4.659268888644874096e-04
4.643975880753714591e-04 4.592703189700841904e-04 4.527497803792357445e-04
4.505809611146105453e-04 4.471778811421245337e-04 4.391544207464903593e-04
4.370971491880482063e-04 4.346226342022418976e-04 4.268451593816280365e-04
4.234810094203567132e-04 4.205381846986711025e-04 4.151368339080363512e-04
4.103547762497328222e-04 4.067331028636544943e-04 4.023716028314083815e-04
3.973385355493519455e-04 3.936258144676685333e-04 3.895700501743704081e-04
3.840213939838577062e-04 3.805174492299556732e-04 3.756051301024854183e-04
3.711275094246957451e-04 3.663111710920929909e-04 3.612913715187460184e-04
3.587658175092656165e-04 3.531072870828211308e-04 3.478791622910648584e-04
3.473814886092441157e-04 3.396504034753888845e-04 3.348103200551122427e-04
3.365408720128471032e-04 3.240439691580832005e-04 3.215323376934975386e-04
3.254782022850122303e-04 3.145161899738013744e-04 3.119434113614261150e-04
3.131772718916181475e-04 3.067135112360119820e-04 3.044282784685492516e-04
2.996261646330822259e-04 2.921905834227800369e-04 2.899653045460581779e-04
2.841324640030506998e-04 2.765997778624296188e-04 2.745611709542572498e-04
2.703449354157783091e-04 2.648681402206420898e-04 2.627378271427005529e-04
2.588993684184970334e-04 2.536212268751114607e-04 2.512249338906258345e-04
2.475600185789517127e-04 2.429220476187765598e-04 2.405494306003674865e-04
2.368581644986988977e-04 2.325687673874199390e-04 2.303600340383127332e-04
2.263915293951868080e-04 2.225034113507717848e-04 2.202568721259012818e-04
2.165057458114461042e-04 2.124172460753470659e-04 2.102797880070284009e-04
2.076643986583803780e-04 2.034533245023339987e-04 2.011819742619991302e-04
1.996075070564984344e-04 1.948231656569987535e-04 1.927048579091206193e-04
1.981897812584065832e-04 2.141406584996730089e-04 2.123872109223157167e-04
2.652392322488594800e-04 1.868360850494354963e-04 1.849190593929961324e-04
1.833897249525762163e-04 1.714247482595965266e-04 1.691305951680988073e-04
1.922158862726064399e-04 2.390599984209984541e-04 2.373969764448702335e-04
2.277182293255464174e-04 1.602460397407412529e-04 1.583387056598439813e-04
1.509227531641954556e-04 1.481983199482783675e-04 1.460712519474327564e-04
1.725896763673517853e-04 3.395761013962328434e-04 3.384659648872911930e-04
4.300203790990053676e-04 3.151034470647573471e-04 3.116518200840801001e-04
1.810290896173682995e-04 1.635384396649897099e-04 1.609515165910124779e-04
1.404483764417818747e-04 1.256372779607772827e-04 1.237590331584215164e-04
1.233077900906209834e-04 1.238336262758821249e-04 1.221024285769090056e-04
1.277069668503827415e-04 1.292409724555909634e-04 1.277004776056855917e-04
1.681290868873475119e-04 2.684816136024892330e-04 2.672720584087073803e-04
2.453300235174538102e-04 1.088483259081840515e-04 1.071101360139437020e-04
1.217666299453412648e-04 1.075530308298766613e-04 1.056795299518853426e-04
1.333083969257131685e-04 2.357025514356791973e-04 2.351089206058532000e-04
3.062422601942671463e-04 9.997612505685538054e-05 9.834862430579960346e-05
1.297197422900353558e-04 1.130646851379424334e-04 1.119286607718095183e-04
1.259053319699887652e-04 1.017642061924561858e-04 1.004628866212442517e-04
9.571361715643433854e-05 1.003792858682572842e-04 9.929033694788813591e-05
2.711407651077024639e-04 7.134285988286137581e-04 7.107272977009415627e-04
2.719996718951733783e-04 1.054118911270052195e-04 1.035804598359391093e-04
1.126340521295787767e-04 9.588759712642058730e-05 9.419295383850112557e-05
9.393738491780823097e-05 1.004000368993729353e-04 9.939072333509102464e-05
1.007536475299275480e-04 1.062195660779252648e-04 1.053235318977385759e-04
1.633415708965912927e-04 3.408291377127170563e-04 3.397858818061649799e-04
2.588895767985377461e-04 1.004385412670671940e-04 9.865030733635649085e-05
1.076778207789175212e-04 9.662153024692088366e-05 9.585784573573619127e-05
1.208013204632152338e-04 1.331057283096015453e-04 1.317888672929257154e-04
1.399962357027106918e-04 1.951522135641425848e-04 1.945951080415397882e-04
2.379882535024080426e-04 1.644099538680166006e-04 1.635759545024484396e-04
1.001892082967970055e-04 9.650085848988965154e-05 9.474529360886663198e-05
8.498100169163080864e-05 9.060645243152976036e-05 8.893123595044016838e-05
3.007943491866171826e-04 8.878195076249539852e-04 8.853113395161926746e-04
3.035622826246253680e-04 8.239405724452808499e-05 8.042904664762318134e-05
1.095726420317078009e-04 9.834163938648998737e-05 9.600340126780793071e-05
8.734004131838446483e-05 8.253661508206278086e-05 8.103644358925521374e-05
8.030448498175246641e-05 8.349183917744085193e-05 8.139999408740550280e-05
9.351393055112566799e-05 1.270325592486187816e-04 1.263357844436541200e-04
2.640899447214906104e-04 4.131162713747471571e-04 4.118325305171310902e-04
1.584759238539845683e-04 1.120034648920409381e-04 1.097527274396270514e-04
9.538550466459128074e-05 1.158088416559621692e-04 1.149911477114073932e-04
1.012141474348027259e-04 1.106146228266879916e-04 1.095499756047502160e-04
2.092012391585740261e-04 4.612648044712841511e-04 4.603995184879750013e-04
2.215584054283681326e-04 1.261151919607073069e-04 1.234315859619528055e-04
9.574330670147901401e-05 1.031227729981765151e-04 1.019837363855913281e-04
9.926627080858452246e-05 1.059357819030992687e-04 1.049383790814317763e-04
1.575913547640084289e-04 3.396980464458465576e-04 3.366037853993475437e-04
2.758391128736548126e-04 9.217290789820253849e-05 9.016705735120922327e-05
1.073547650776163209e-04 9.496248821960762143e-05 9.343934652861207724e-05
9.862927345238858834e-05 8.984074520412832499e-05 8.841700037010014057e-05
8.288162507597007789e-05 9.589714318281039596e-05 9.471827070228755474e-05
2.976412652060389519e-04 7.983554387465119362e-04 7.954963366501033306e-04
2.737869181146379560e-04 8.503577555529773235e-05 8.252962288679555058e-05
1.010447531371028163e-04 9.476616105530411005e-05 9.227225382346659899e-05
8.377268068215926178e-05 8.698891178937628865e-05 8.556920511182397604e-05
7.749602809781208634e-05 7.904054655227810144e-05 7.709866622462868690e-05
8.132190396281657740e-05 1.067539560608565807e-04 1.054407184710726142e-04
3.533505091581901070e-04 6.524958298541605473e-04 6.475790869444608688e-04
2.092785734930657782e-04 8.676017750985920429e-05 8.506431186106055975e-05
1.009714637802971993e-04 9.135417349170893431e-05 8.913767669582739472e-05
8.122348526740097441e-05 8.212080865632742643e-05 8.058338426053524017e-05
7.601403513035620563e-05 7.825640204828232527e-05 7.629687024746090174e-05
8.229029754147632048e-05 1.136457431130111217e-04 1.127131981775164604e-04
3.763936906580056529e-04 5.382008384913206100e-04 5.333505687303841114e-04
1.867344994934683200e-04 1.075528634828515351e-04 1.063502422766759992e-04
1.015259272207913455e-04 8.579198765801265836e-05 8.409073780057951808e-05
7.957532670843647793e-05 7.868768443586304784e-05 7.658772665308788419e-05
7.512005549870082177e-05 7.760985317872837186e-05 7.578680379083380103e-05
8.278293307739659213e-05 1.140398526331409812e-04 1.130870514316484332e-04
3.323564556012570392e-04 5.318828625604510307e-04 5.268150125630199909e-04
1.809960926948406268e-04 7.635682413820177317e-05 7.477726467186585069e-05
9.527661359243211336e-05 8.615486876806244254e-05 8.434180926997214556e-05
7.873319964346592315e-05 8.387264097109436989e-05 8.237937436206266284e-05
8.031230345295625739e-05 8.491384505759924650e-05 8.364077075384557247e-05
1.092377287932322361e-04 2.328230184502899647e-04 2.292169665452092886e-04
3.950783229811349884e-04 8.624445035820826888e-05 8.281402551801875234e-05
1.463912117287691217e-04 1.363535557175055146e-04 1.353843981632962823e-04
8.914824002204113640e-05 7.994102634256705642e-05 7.818395533831790090e-05
7.858344406486139633e-05 7.680197450099512935e-05 7.481655484298244119e-05
7.359988603639067151e-05 7.778976578265428543e-05 7.585926505271345377e-05
8.712517501408001408e-05 1.370562822557985783e-04 1.357449509669095278e-04
3.867481082124868408e-04 2.683461061678826809e-04 2.661259786691516638e-04
1.513594133939477615e-04 1.345950004179030657e-04 1.338702277280390263e-04
9.674664033809676766e-05 7.784311310388147831e-05 7.603983976878225803e-05
7.691137216170318425e-05 7.612653280375525355e-05 7.425028161378577352e-05
7.307382975341170095e-05 7.573812035843729973e-05 7.365827332250773907e-05
7.954789134601014666e-05 1.078112691175192595e-04 1.068211422534659505e-04
3.314697833047830500e-04 5.570513894781470299e-04 5.515227094292640686e-04
1.846014060902234633e-04 7.756692502880468965e-05 7.572903268737718463e-05
9.415415752300759777e-05 8.674996206536889076e-05 8.474184141959995031e-05
7.652451040485175326e-05 8.080864063231274486e-05 7.907320832600817084e-05
7.331623692152788863e-05 7.482165528926998377e-05 7.258887490024790168e-05
7.437385465891566128e-05 9.020605648402124643e-05 8.861404057824984193e-05
3.398489266146498267e-04 8.411681046709418297e-04 8.374608005397021770e-04
2.524873298170859925e-04 9.527178190182894468e-05 9.417683759238570929e-05
1.021241910166281741e-04 7.771357195451855659e-05 7.572906179120764136e-05
7.618938616360537708e-05 7.512637239415198565e-05 7.312334491871297359e-05
7.235213479361846112e-05 7.537320198025554419e-05 7.350209489231929183e-05
7.200306208687834442e-05 7.312426896532997489e-05 7.155754428822547197e-05
7.659981247343239374e-05 9.716746717458590865e-05 9.533092816127464175e-05
3.407561666790570598e-04 6.299798842519521713e-04 6.253765895962715149e-04
2.013607281696749851e-04 8.694190182723104954e-05 8.508600149070844054e-05
9.746098839968908578e-05 8.024263661354780197e-05 7.898731564637273550e-05
7.527629168180283159e-05 7.044372614473104477e-05 6.963280611671507359e-05
7.122970509954029694e-05 7.030880806269124150e-05 6.936889258213341236e-05
7.502731750719249249e-05 8.340732892975211143e-05 8.212053944589570165e-05
1.578425435582175851e-04 3.924079646822065115e-04 3.910310333594679832e-04
2.780855511446134187e-04 1.354799896944314241e-04 1.341117022093385458e-04
1.009570246424118523e-04 9.255453187506645918e-05 9.096380381379276514e-05
7.525981072831200436e-05 7.085254765115678310e-05 6.978717283345758915e-05
7.178006262620328926e-05 7.832969276932999492e-05 7.697488763369619846e-05
1.237641267834987957e-04 2.920122933574020863e-04 2.896747319027781487e-04
3.236990205550682731e-04 1.059249334502965212e-04 1.046825927915051579e-04
1.152303771050355863e-04 1.049080892698839307e-04 1.034306915244087577e-04
7.803307062204112299e-05 6.946313806110993028e-05 6.842412403784692287e-05
7.369253580691292882e-05 7.456400635419413447e-05 7.325620390474796295e-05
7.168517458921996877e-05 7.535071927122771740e-05 7.382653711829334497e-05
1.436405018466757610e-04 4.346999921835958958e-04 4.326634225435554981e-04
3.788383064602385275e-04 2.239509194623678923e-04 2.224317286163568497e-04
1.122210446737881284e-04 7.438609463861212134e-05 7.312966044992208481e-05
7.910674730737810023e-05 7.821872713975608349e-05 7.650686893612146378e-05
7.083443915689713322e-05 6.849032797617837787e-05 6.768391904188320041e-05
7.064976125548128039e-05 7.189542520791292191e-05 7.062617078190669417e-05
7.174108259278000332e-05 7.982256647665053606e-05 7.782102329656481743e-05
1.933249150170013309e-04 5.708441021852195263e-04 5.666179349645972252e-04
2.896849027820280753e-04 1.493355084676295519e-04 1.479774073231965303e-04
9.293008952226955444e-05 7.010405533947050571e-05 6.926475907675921917e-05
7.427216633004718460e-05 7.626827573403716087e-05 7.426310912705957890e-05
7.022599811534746550e-05 6.777773523936048150e-05 6.697441131109371781e-05
6.763695546396775171e-05 6.897254206705838442e-05 6.796259549446403980e-05
9.364951438328716904e-05 2.253283746540546417e-04 2.226727228844538331e-04
4.603290276463667396e-04 2.353807212784886360e-04 2.338883932679891586e-04
1.535135870653903112e-04 8.265771612059324980e-05 8.156410331139340997e-05
8.526694909960497171e-05 6.794546789024025202e-05 6.708219007123261690e-05
7.112059120117919520e-05 7.119125803001224995e-05 6.968418165342882276e-05
6.787631855331710540e-05 6.798010872444137931e-05 6.696718628518283367e-05
6.757200708307209425e-05 6.703522376483306289e-05 6.610634591197595000e-05
6.670884522463893518e-05 6.787521851947531104e-05 6.685515836579725146e-05
7.431581661876407452e-05 1.064032476278953254e-04 1.051080762408673763e-04
3.815864120042533614e-04 2.961613936349749565e-04 2.942905994132161140e-04
1.588566774444188923e-04 1.578284718561917543e-04 1.559799711685627699e-04
8.965606457422836684e-05 7.714836829109117389e-05 7.548500434495508671e-05
7.182095987445791252e-05 6.722592661390081048e-05 6.639600178459659219e-05
6.705780151605722494e-05 6.720209785271435976e-05 6.597192259505391121e-05
6.596026605620863847e-05 6.726771971443668008e-05 6.581107300007715821e-05
6.832124427091912366e-05 7.905055826995521784e-05 7.708927296334877610e-05
1.960403860721271485e-04 5.640757153742015362e-04 5.596607225015759468e-04
2.545823886066500563e-04 1.256433170055970550e-04 1.244041923200711608e-04
8.564530071453191340e-05 6.773260975023731589e-05 6.649783608736470342e-05
7.102440076778293587e-05 7.343643665080890059e-05 7.173013727879151702e-05
6.909975218150066212e-05 6.855482206447049975e-05 6.645806570304557681e-05
6.584229822692577727e-05 6.980448961257934570e-05 6.816869426984339952e-05
1.204793870783760212e-04 3.947326913475990295e-04 3.907441569026559591e-04
4.284048227418679744e-04 2.576834522187709808e-04 2.563111775089055300e-04
1.172179381683235988e-04 9.752518963068723679e-05 9.634582966100424528e-05
7.443348386004799977e-05 6.865256727905943990e-05 6.788760947529226542e-05
6.657551057287491858e-05 6.705817213514819741e-05 6.525847857119515538e-05
6.482691514975158498e-05 6.657478661509230733e-05 6.486092752311378717e-05
6.515426957776071504e-05 6.617482722504064441e-05 6.463005411205813289e-05
6.486344364020624198e-05 6.808703619753941894e-05 6.633505108766257763e-05
9.288108731198008172e-05 2.216093998868018389e-04 2.173238608520478010e-04
3.743175034287560266e-04 1.560948439873754978e-04 1.548558648210018873e-04
1.332533124696055893e-04 6.783027492929250002e-05 6.611995922867208719e-05
7.982765919223311357e-05 7.966032717376947403e-05 7.844746141927316785e-05
6.783838898627436720e-05 6.790091720176860690e-05 6.573278369614854455e-05
6.593036232516169548e-05 6.431452493416145444e-05 6.338198727462440729e-05
6.363610054904711433e-05 6.520517490571364760e-05 6.367151218000799417e-05
6.751094315404770896e-05 8.341606007888913155e-05 8.220771269407123327e-05
2.625536117193405516e-04 5.649788072332739830e-04 5.591454682871699333e-04
1.810129274417704437e-04 6.383899744832888246e-05 6.308018782874569297e-05
8.323120800923788920e-05 7.555632328148931265e-05 7.447860843967646360e-05
6.724649392708670348e-05 6.834363011876121163e-05 6.631018186453729868e-05
6.389254917849029880e-05 6.403998122550547123e-05 6.291834870353341103e-05
6.331414328997198027e-05 6.592700810870155692e-05 6.392689829226583242e-05
9.141641157839330845e-05 2.391262096352875233e-04 2.350288850720971823e-04
4.146670839872967917e-04 2.700662007555365562e-04 2.687501255422830582e-04
1.402462225996714551e-04 9.746582509251311421e-05 9.631782450014725327e-05
7.859463858039816841e-05 6.630678399233147502e-05 6.509306695079430938e-05
6.546454392264422495e-05 6.389993359334766865e-05 6.219596980372443795e-05
6.255068342397862580e-05 6.581715570064261556e-05 6.375797966029495001e-05
6.233404246813734062e-05 6.800288974773138762e-05 6.461454177042469382e-05
6.288698068601661362e-05 6.968367961235344410e-05 6.563260103575885296e-05
7.392574593723111320e-05 1.296606205869466066e-04 1.237814576597884297e-04
3.728287501871818677e-04 6.867211777716875076e-05 6.784029392292723060e-05
2.200937669840641320e-04 6.562309863511472940e-05 6.465960905188694596e-05
1.174537951555976178e-04 6.956833385629579425e-05 6.534140266012400389e-05
7.437965723511297256e-05 7.244805601658299565e-05 6.808432954130694270e-05
