5.896463301032781601e-01 4.209734797477722168e-01 4.111806154251098633e-01
3.228901177644729614e-01 2.497551441192626953e-01 2.471368014812469482e-01
2.113108476623892784e-01 1.807288825511932373e-01 1.803196966648101807e-01
1.625987319275736809e-01 1.459588706493377686e-01 1.455411911010742188e-01
1.343321856111288071e-01 1.227467134594917297e-01 1.222542077302932739e-01
1.119814929552376270e-01 9.984499961137771606e-02 9.961465746164321899e-02
8.743239007890224457e-02 7.309633493423461914e-02 7.293018698692321777e-02
5.930346902459859848e-02 4.381050541996955872e-02 4.376513138413429260e-02
3.092076338361948729e-02 1.783654280006885529e-02 1.781393960118293762e-02
1.021799535374157131e-02 4.303401801735162735e-03 4.285956267267465591e-03
2.819403322064317763e-03 2.191778505221009254e-03 2.192908199504017830e-03
2.158937000785954297e-03 2.062017098069190979e-03 2.069885144010186195e-03
1.957240565388929099e-03 1.861695433035492897e-03 1.866367179900407791e-03
1.825585975893773139e-03 1.789408270269632339e-03 1.793077914044260979e-03
1.766069537552539259e-03 1.735460478812456131e-03 1.740614650771021843e-03
1.718100291327573359e-03 1.691813347861170769e-03 1.698114210739731789e-03
1.678205881034955382e-03 1.654199790209531784e-03 1.660836278460919857e-03
1.641810835280921310e-03 1.618727343156933784e-03 1.625414937734603882e-03
1.606788486242294312e-03 1.583940000273287296e-03 1.590690808370709419e-03
1.572201610542833805e-03 1.549298875033855438e-03 1.556117320433259010e-03
1.537575481052044779e-03 1.514494069851934910e-03 1.521349651739001274e-03
1.502737264672759920e-03 1.479437458328902721e-03 1.486301887780427933e-03
1.467617199523374438e-03 1.444088527932763100e-03 1.450950396247208118e-03
1.432213924999814481e-03 1.408464042469859123e-03 1.415316248312592506e-03
1.396552666847128421e-03 1.372608821839094162e-03 1.379447057843208313e-03
1.360676091280765831e-03 1.336603192612528801e-03 1.343430252745747566e-03
1.324635493801906705e-03 1.300586387515068054e-03 1.307409955188632011e-03
1.288481667870655656e-03 1.264760503545403481e-03 1.271593035198748112e-03
1.252252979611512274e-03 1.229292247444391251e-03 1.236142357811331749e-03
1.215968914038967341e-03 1.193974865600466728e-03 1.200839877128601074e-03
1.179633210995234549e-03 1.158028608188033104e-03 1.164882909506559372e-03
1.143255016359034926e-03 1.121030305512249470e-03 1.127829425968229771e-03
1.106927957152947783e-03 1.084025017917156219e-03 1.090736011974513531e-03
1.070898470061365515e-03 1.048059784807264805e-03 1.054694643244147301e-03
1.035401925037149340e-03 1.013010623864829540e-03 1.019598799757659435e-03
1.000498894427437335e-03 9.784795111045241356e-04 9.850171627476811409e-04
9.661793628765735775e-04 9.445261675864458084e-04 9.510045638307929039e-04
9.324867569375783205e-04 9.113110718317329884e-04 9.177279425784945488e-04
8.995114003482740372e-04 8.788390550762414932e-04 8.851856109686195850e-04
8.673127267684321851e-04 8.471951587125658989e-04 8.534630760550498962e-04
8.359526582353282720e-04 8.164175087586045265e-04 8.225975907407701015e-04
8.054867066675797105e-04 7.865491206757724285e-04 7.926315302029252052e-04
7.759664767945650965e-04 7.576093776151537895e-04 7.635833462700247765e-04
7.474395679309964180e-04 7.295962423086166382e-04 7.354503613896667957e-04
7.199515748652629554e-04 7.024646038189530373e-04 7.081850199028849602e-04
6.935432065802160650e-04 6.761280237697064877e-04 6.816968671046197414e-04
6.682424391328822821e-04 6.504691555164754391e-04 6.558621535077691078e-04
6.440417273552156985e-04 6.254498730413615704e-04 6.306342547759413719e-04
6.208590311871375889e-04 6.013278616592288017e-04 6.062615429982542992e-04
5.984919007460121065e-04 5.788000999018549919e-04 5.834384355694055557e-04
5.766351532656699419e-04 5.585654289461672306e-04 5.628806538879871368e-04
5.550010027945972979e-04 5.401414236985146999e-04 5.441529210656881332e-04
5.335001878847833723e-04 5.214991979300975800e-04 5.252922419458627701e-04
5.122997099533677101e-04 5.012632464058697224e-04 5.049514584243297577e-04
4.917630049021681771e-04 4.806446959264576435e-04 4.842917842324823141e-04
4.722995054180501029e-04 4.613330238498747349e-04 4.649225156754255295e-04
4.540157005976652727e-04 4.433717112988233566e-04 4.468697879929095507e-04
4.365940767456777394e-04 4.261519061401486397e-04 4.295583057682961226e-04
4.197737725917249918e-04 4.095177282579243183e-04 4.128419677726924419e-04
4.035375714011024684e-04 3.935013082809746265e-04 3.967456868849694729e-04
3.878538936987752095e-04 3.780178376473486423e-04 3.811890492215752602e-04
3.726720387930981815e-04 3.630361752584576607e-04 3.661411756183952093e-04
3.579671320039778948e-04 3.485244524199515581e-04 3.515711869113147259e-04
3.437145387579221278e-04 3.344608412589877844e-04 3.374571679159998894e-04
3.298963456472847611e-04 3.208267153240740299e-04 3.237807541154325008e-04
3.164982263115234673e-04 3.076106368098407984e-04 3.105296054854989052e-04
3.035117115359753370e-04 2.948025939986109734e-04 2.976935938932001591e-04
2.909311151597648859e-04 2.823976101353764534e-04 2.852665493264794350e-04
2.787547600746620446e-04 2.703926875256001949e-04 2.732440480031073093e-04
2.669843106559710577e-04 2.587862545624375343e-04 2.616225683595985174e-04
2.556249928602483124e-04 2.475794753991067410e-04 2.504001604393124580e-04
2.446827438689069822e-04 2.367848064750432968e-04 2.395862247794866562e-04
2.341607369089615531e-04 2.264423383167013526e-04 2.292184362886473536e-04
2.240532739961054176e-04 2.166022604797035456e-04 2.193502004956826568e-04
2.143460742445313372e-04 2.072118659270927310e-04 2.099420526064932346e-04
2.050363855232717469e-04 1.980990491574630141e-04 2.008389565162360668e-04
1.961458665391546674e-04 1.893184380605816841e-04 1.920937502291053534e-04
1.877347667686990462e-04 1.810908433981239796e-04 1.839007018133997917e-04
1.798736993805505335e-04 1.733930257614701986e-04 1.762276951922103763e-04
1.725400270515820011e-04 1.661954156588762999e-04 1.690583012532442808e-04
1.657061329751741141e-04 1.595073699718341231e-04 1.624006399651989341e-04
1.594282621226739138e-04 1.533294562250375748e-04 1.562543620821088552e-04
1.537350590297137387e-04 1.476582547184079885e-04 1.506152038928121328e-04
1.487211102357832715e-04 1.424464280717074871e-04 1.454328594263643026e-04
1.445488551325979643e-04 1.375404535792768002e-04 1.405461080139502883e-04
1.415135175193427131e-04 1.327508944086730480e-04 1.357486180495470762e-04
1.399264374413178302e-04 1.290416403207927942e-04 1.319693401455879211e-04
1.393114216625690460e-04 1.312214590143412352e-04 1.339657464995980263e-04
1.373471732222242281e-04 1.420290791429579258e-04 1.445141097065061331e-04
1.322926527791423723e-04 1.442011416656896472e-04 1.466341200284659863e-04
1.258817978850856889e-04 1.264300226466730237e-04 1.291742955800145864e-04
1.194061082969710696e-04 1.185308938147500157e-04 1.214273361256346107e-04
1.163479128081235103e-04 1.214649964822456241e-04 1.242698781425133348e-04
1.281239865420502611e-04 1.852151181083172560e-04 1.870650448836386204e-04
1.997225735976826400e-04 1.147279981523752213e-04 1.176458026748150587e-04
1.220560475303500425e-04 1.128200092352926731e-04 1.157373917521908879e-04
1.152736481344618369e-04 1.237979449797421694e-04 1.265324535779654980e-04
1.232113008882151917e-04 1.609159080544486642e-04 1.631183113204315305e-04
1.975614322873298079e-04 1.698716660030186176e-04 1.719421416055411100e-04
1.194501464851782657e-04 1.028627884807065129e-04 1.060701761161908507e-04
1.050096097969799303e-04 1.125283743022009730e-04 1.154087658505886793e-04
1.416994232386059593e-04 2.735168964136391878e-04 2.743909426499158144e-04
2.159817045139789116e-04 1.350926031591370702e-04 1.383105700369924307e-04
1.310460474996943958e-04 1.447689282940700650e-04 1.471883151680231094e-04
1.096234627766534686e-04 9.722281538415700197e-05 1.004271907731890678e-04
9.998346695283544250e-05 1.029082341119647026e-04 1.058719644788652658e-04
1.166648121397884097e-04 1.951444137375801802e-04 1.969178265426307917e-04
2.611928862279455643e-04 9.512108226772397757e-05 9.831139323068782687e-05
1.312231975134636741e-04 1.438492326997220516e-04 1.462436048313975334e-04
1.083767806449031923e-04 9.419528214493766427e-05 9.737278014654293656e-05
9.685020449978765100e-05 1.025242017931304872e-04 1.054061649483628571e-04
1.025825827127846424e-04 1.192196359625086188e-04 1.218577963300049305e-04
2.099890230056189466e-04 4.377290024422109127e-04 4.367807414382696152e-04
2.138515619662939571e-04 1.131093886215239763e-04 1.162378321168944240e-04
1.021123625832842663e-04 9.190447599394246936e-05 9.489684453001245856e-05
9.681936126071377657e-05 9.540082828607410192e-05 9.830801718635484576e-05
9.454174505663104355e-05 9.487302304478362203e-05 9.777384548215195537e-05
9.676104446043609641e-05 1.177382364403456450e-04 1.202971325255930424e-04
3.234324103686958551e-04 5.402900278568267822e-04 5.380986258387565613e-04
1.998463953896134626e-04 1.538928190711885691e-04 1.560209057061001658e-04
1.109375343730789609e-04 9.555273572914302349e-05 9.837754623731598258e-05
9.188185140374116600e-05 8.805008837953209877e-05 9.097837028093636036e-05
8.978516007118741982e-05 8.981690916698426008e-05 9.268183202948421240e-05
8.938881228459649719e-05 8.760498167248442769e-05 9.049699292518198490e-05
8.870217880030395463e-05 8.800775685813277960e-05 9.086483623832464218e-05
9.208689880324527621e-05 1.185993023682385683e-04 1.210079790325835347e-04
4.886055544375267345e-04 2.315819438081234694e-04 2.325387176824733615e-04
2.033856949310575146e-04 8.545348828192800283e-05 8.825143595458939672e-05
1.173785235550894868e-04 9.813589713303372264e-05 1.010277410387061536e-04
9.857983150141080841e-05 9.123292693402618170e-05 9.409955237060785294e-05
9.200843442158657126e-05 8.472581976093351841e-05 8.758141484577208757e-05
9.071703061636071652e-05 8.600860019214451313e-05 8.875827188603579998e-05
8.866149664754630066e-05 8.990907372208312154e-05 9.257404599338769913e-05
8.642220609544892795e-05 8.350025018444284797e-05 8.627463830634951591e-05
8.500375588482711464e-05 8.428553701378405094e-05 8.701137267053127289e-05
8.484887803206220269e-05 8.466264262096956372e-05 8.736479503568261862e-05
9.438950701223802753e-05 1.611985208000987768e-04 1.629283651709556580e-04
5.008910748074413277e-04 1.771895040292292833e-04 1.794389681890606880e-04
2.030634846050816122e-04 1.451823773095384240e-04 1.475071476306766272e-04
1.136337373282003682e-04 1.042220974341034889e-04 1.069187710527330637e-04
9.015356135932961479e-05 8.645036723464727402e-05 8.918565436033532023e-05
8.563356959712109528e-05 8.084341243375092745e-05 8.355219324585050344e-05
8.555933709430973977e-05 8.292328857351094484e-05 8.552768849767744541e-05
8.382706710108323023e-05 8.338531188201159239e-05 8.596575207775458694e-05
8.215867956096190028e-05 7.983276736922562122e-05 8.248090307461097836e-05
8.163711936504114419e-05 7.972163439262658358e-05 8.234595588874071836e-05
8.125532576741534285e-05 7.930721039883792400e-05 8.194943075068295002e-05
1.126773995565599762e-04 3.135273582302033901e-04 3.144604270346462727e-04
6.691357889394566882e-04 2.744708035606890917e-04 2.749131526798009872e-04
1.684811759332660586e-04 1.328297657892107964e-04 1.351259852526709437e-04
1.063943227563868277e-04 8.403127867495641112e-05 8.668743976159021258e-05
8.175219772965647280e-05 7.796662976033985615e-05 8.054651698330417275e-05
7.939049237393192016e-05 7.740493310848250985e-05 7.997992361197248101e-05
7.991175789356930181e-05 7.720226130913943052e-05 7.976604683790355921e-05
8.060199797910172492e-05 7.729827484581619501e-05 7.982137321960180998e-05
8.055076341406675056e-05 7.966294651851058006e-05 8.211846579797565937e-05
7.929164712550118566e-05 7.767794159008190036e-05 8.016171341296285391e-05
7.817009873178903945e-05 7.649775943718850613e-05 7.899927732069045305e-05
7.802020854796865024e-05 7.604178972542285919e-05 7.854813884478062391e-05
7.990869926288723946e-05 8.519606490153819323e-05 8.769871055847033858e-05
3.719414116858388297e-04 9.499513544142246246e-04 9.455620311200618744e-04
3.219226091459859163e-04 2.225392672698944807e-04 2.237256703665480018e-04
1.225325213454198092e-04 1.033083899528719485e-04 1.058023117366246879e-04
8.392257268496905454e-05 7.975883636390790343e-05 8.224481280194595456e-05
7.757167486488469876e-05 7.547094719484448433e-05 7.795034616719931364e-05
7.768129762553144246e-05 7.464108784915879369e-05 7.706464384682476521e-05
7.727868978690821677e-05 7.675756205571815372e-05 7.911810826044529676e-05
7.607128009112784639e-05 7.391075632767751813e-05 7.633228233316913247e-05
7.542418507000547834e-05 7.392937550321221352e-05 7.632772030774503946e-05
7.519907194364350289e-05 7.350900705205276608e-05 7.592655310872942209e-05
9.121567518377560191e-05 1.838397729443386197e-04 1.855145965237170458e-04
5.650482903547526803e-04 4.545151605270802975e-04 4.529874422587454319e-04
2.010110911214724183e-04 1.194538344861939549e-04 1.211778871947899461e-04
9.416911279913620092e-05 7.463435758836567402e-05 7.703495793975889683e-05
8.096628698694985360e-05 7.698696572333574295e-05 7.936657493701204658e-05
7.713627564953640103e-05 7.351151725742965937e-05 7.590396853629499674e-05
7.600395838380791247e-05 7.182180706877261400e-05 7.416594598907977343e-05
7.526489935116842389e-05 7.403257768601179123e-05 7.630596519447863102e-05
7.383609226963017136e-05 7.198573439382016659e-05 7.429385732393711805e-05
7.286400705197593197e-05 7.134061888791620731e-05 7.365403143921867013e-05
7.288049573617172427e-05 7.110134902177378535e-05 7.342496246565133333e-05
7.799702643751516007e-05 9.743872215040028095e-05 9.963862248696386814e-05
4.443253328645369038e-04 3.653930616565048695e-04 3.654741449281573296e-04
1.598061653567128815e-04 1.437951286789029837e-04 1.456252357456833124e-04
9.130117859967867844e-05 8.577072730986401439e-05 8.805236575426533818e-05
7.827216631994815543e-05 7.028804247966036201e-05 7.258274126797914505e-05
7.483170747946132906e-05 7.333314715651795268e-05 7.551460294052958488e-05
7.215543200800311752e-05 6.962934276089072227e-05 7.188240851974114776e-05
7.092398209351813421e-05 6.960718019399791956e-05 7.183807610999792814e-05
7.090505869200569578e-05 6.939584272913634777e-05 7.164623821154236794e-05
8.432045115114306100e-05 1.501105434726923704e-04 1.518120698165148497e-04
4.777005769938114099e-04 1.703009766060858965e-04 1.713550882413983345e-04
1.593639281054493040e-04 9.538923040963709354e-05 9.720063826534897089e-05
8.347102584593812935e-05 7.415726577164605260e-05 7.626709702890366316e-05
7.141371088437153958e-05 6.882820889586582780e-05 7.100438961060717702e-05
6.967215904296608642e-05 6.818159454269334674e-05 7.036398892523720860e-05
6.953069168957881629e-05 6.823355215601623058e-05 7.040036871330812573e-05
6.923392174940090626e-05 6.761416443623602390e-05 6.978855526540428400e-05
6.913679544595652260e-05 6.746237340848892927e-05 6.964011845411732793e-05
7.307685018531628884e-05 8.811613952275365591e-05 9.020134166348725557e-05
4.275993160263169557e-04 5.483680870383977890e-04 5.467295995913445950e-04
1.906724560285510961e-04 1.604605495231226087e-04 1.618298119865357876e-04
9.334298465546453372e-05 8.699051977600902319e-05 8.909282041713595390e-05
7.396387854896602221e-05 7.047720282571390271e-05 7.265069871209561825e-05
7.099794584064511582e-05 6.647474947385489941e-05 6.859363929834216833e-05
6.906984026500140317e-05 6.808766192989423871e-05 7.016126619419082999e-05
6.776508371331146918e-05 6.598149047931656241e-05 6.810994091210886836e-05
6.749277918061125092e-05 6.582905916729941964e-05 6.793961802031844854e-05
6.750132661181851290e-05 6.714487244607880712e-05 6.926888454472646117e-05
1.351953719677112531e-04 5.036293878220021725e-04 5.020948592573404312e-04
5.729832973884185776e-04 8.339754276676103473e-05 8.520245319232344627e-05
1.268759488084469922e-04 1.122051180573180318e-04 1.139072919613681734e-04
8.477366327497293241e-05 7.372158870566636324e-05 7.581975660286843777e-05
6.851485477454843931e-05 6.526178913190960884e-05 6.738551746821030974e-05
6.598956088055274449e-05 6.476326962001621723e-05 6.685726839350536466e-05
6.603192377951927483e-05 6.433235103031620383e-05 6.640431092819198966e-05
6.629335621255449951e-05 6.472902896348387003e-05 6.676800694549456239e-05
6.579035652976017445e-05 6.446721090469509363e-05 6.650404247920960188e-05
6.523275669678696431e-05 6.381424464052543044e-05 6.586457311641424894e-05
6.523441652461769991e-05 6.372474308591336012e-05 6.577759631909430027e-05
6.790876022932934575e-05 7.742716115899384022e-05 7.942178490338847041e-05
3.593652500057942234e-04 8.079266408458352089e-04 8.037583902478218079e-04
2.624327839839679655e-04 1.884411904029548168e-04 1.891136489575728774e-04
1.024936618705396540e-04 8.968467591330409050e-05 9.154232247965410352e-05
7.129573759812046774e-05 6.921555177541449666e-05 7.127692515496164560e-05
6.590278326257248409e-05 6.390424823621287942e-05 6.594437581952661276e-05
6.536595265060896054e-05 6.276531348703429103e-05 6.476081034634262323e-05
6.432448844861937687e-05 6.306935392785817385e-05 6.504960038000717759e-05
6.353984736051643267e-05 6.210009451024234295e-05 6.410556670743972063e-05
6.357016854963148944e-05 6.201048381626605988e-05 6.401364953489974141e-05
6.532399720526882447e-05 7.141583773773163557e-05 7.338330033235251904e-05
3.036455618712352589e-04 9.136068983934819698e-04 9.083061595447361469e-04
3.332126293571491260e-04 2.028793824138119817e-04 2.031907788477838039e-04
1.112243312491045799e-04 8.876598440110683441e-05 9.052884706761687994e-05
6.996297906880499795e-05 6.401658174581825733e-05 6.604478403460234404e-05
6.314765869319671765e-05 6.195836613187566400e-05 6.396226672222837806e-05
6.249241687328321859e-05 6.090174429118633270e-05 6.287679570959880948e-05
6.266154741751961410e-05 6.110114918556064367e-05 6.304106500465422869e-05
6.207992487361480016e-05 6.064589251764118671e-05 6.259106157813221216e-05
6.160839211588609032e-05 6.030511576682329178e-05 6.225392280612140894e-05
6.169636367303610314e-05 6.052802564227022231e-05 6.248452700674533844e-05
7.041538037810823880e-05 1.106837735278531909e-04 1.122760659200139344e-04
4.217830928610055707e-04 6.403474981198087335e-05 6.598529580514878035e-05
1.220598651343607344e-04 6.613327423110604286e-05 6.808072794228792191e-05
6.885620632601785474e-05 6.358847895171493292e-05 6.556032167281955481e-05
6.184763196870335378e-05 6.055232734070159495e-05 6.250189471757039428e-05
6.175806652208848391e-05 6.000410576234571636e-05 6.190327985677868128e-05
6.066230776013981085e-05 5.902379416511394083e-05 6.094414493418298662e-05
6.017193686602695379e-05 5.890863394597545266e-05 6.081850006012246013e-05
6.020563546371704433e-05 5.950079503236338496e-05 6.142206984804943204e-05
