7.568118721246719360e-01 3.966154456138610840e-01 3.960784971714019775e-01
3.196852430701255798e-01 2.438916862010955811e-01 2.425686419010162354e-01
2.228512056171894073e-01 2.046400457620620728e-01 2.035393714904785156e-01
1.845290893688797951e-01 1.703819334506988525e-01 1.694923490285873413e-01
1.581428404897451401e-01 1.485228538513183594e-01 1.477628648281097412e-01
1.402092939242720604e-01 1.333300322294235229e-01 1.326730549335479736e-01
1.268266295082867146e-01 1.212014704942703247e-01 1.206128522753715515e-01
1.151584642939269543e-01 1.096966490149497986e-01 1.091506853699684143e-01
1.036300654523074627e-01 9.790193289518356323e-02 9.740480035543441772e-02
9.158010361716151237e-02 8.537086844444274902e-02 8.492656052112579346e-02
7.864622818306088448e-02 7.178948819637298584e-02 7.140295952558517456e-02
6.456885533407330513e-02 5.699070170521736145e-02 5.667041614651679993e-02
4.937449423596262932e-02 4.129838943481445312e-02 4.105372726917266846e-02
3.379341482650488615e-02 2.598253637552261353e-02 2.581874281167984009e-02
1.961522863712161779e-02 1.338747516274452209e-02 1.329670567065477371e-02
9.297715208958834410e-03 5.756050348281860352e-03 5.715493578463792801e-03
4.089767608093097806e-03 2.889601746574044228e-03 2.872655168175697327e-03
2.527087199268862605e-03 2.304336521774530411e-03 2.294000238180160522e-03
2.244455274194478989e-03 2.189917489886283875e-03 2.179333940148353577e-03
2.160145435482263565e-03 2.127333078533411026e-03 2.114677568897604942e-03
2.108241504174657166e-03 2.088735345751047134e-03 2.074403222650289536e-03
2.074363888823427260e-03 2.060318598523736000e-03 2.045191824436187744e-03
2.047072557616047561e-03 2.034744014963507652e-03 2.019393024966120720e-03
2.021906810114160180e-03 2.010256052017211914e-03 1.994899008423089981e-03
1.997606181248556823e-03 1.986231189221143723e-03 1.970929559320211411e-03
1.973627913685049862e-03 1.962339738383889198e-03 1.947124954313039780e-03
1.949728721228893846e-03 1.938431756570935249e-03 1.923339208588004112e-03
1.925808610394597054e-03 1.914445776492357254e-03 1.899509108625352383e-03
1.901825096865650266e-03 1.890355488285422325e-03 1.875602174550294876e-03
1.877757909824140370e-03 1.866149948909878731e-03 1.851600827649235725e-03
1.853591660619713366e-03 1.841812278144061565e-03 1.827486092224717140e-03
1.829306165745947510e-03 1.817319192923605442e-03 1.803233753889799118e-03
1.804871026251930743e-03 1.792637398466467857e-03 1.778810750693082809e-03
1.780242797394748777e-03 1.767723471857607365e-03 1.754171913489699364e-03
1.755362885887734592e-03 1.742523047141730785e-03 1.729260897263884544e-03
1.730157200654502958e-03 1.716970582492649555e-03 1.704009016975760460e-03
1.704535869066603482e-03 1.690982840955257416e-03 1.678328728303313255e-03
1.678393040492665023e-03 1.664454466663300991e-03 1.652108272537589073e-03
1.651606515224557370e-03 1.637253677472472191e-03 1.625210745260119438e-03
1.624037169676739722e-03 1.609217375516891479e-03 1.597468624822795391e-03
1.595526409801095724e-03 1.580156153067946434e-03 1.568690175190567970e-03
1.565893377119209617e-03 1.549858949147164822e-03 1.538666547276079655e-03
1.534929615445435047e-03 1.518091885372996330e-03 1.507167704403400421e-03
1.502394610724877566e-03 1.484595704823732376e-03 1.473940908908843994e-03
1.468009584641549736e-03 1.449071569368243217e-03 1.438694307580590248e-03
1.431451732059940696e-03 1.411175355315208435e-03 1.401089830324053764e-03
1.392350728565361351e-03 1.370513346046209335e-03 1.360738184303045273e-03
1.350288614048622549e-03 1.326642697677016258e-03 1.317202462814748287e-03
1.304802550293970853e-03 1.279078423976898193e-03 1.270003733225166798e-03
1.255395538464654237e-03 1.227312837727367878e-03 1.218640245497226715e-03
1.201560800836887211e-03 1.170847914181649685e-03 1.162619912065565586e-03
1.142824476119130850e-03 1.109248376451432705e-03 1.101514208130538464e-03
1.078813817002810538e-03 1.042231800965964794e-03 1.035044784657657146e-03
1.009356983558973297e-03 9.697786299511790276e-04 9.631950524635612965e-04
9.346108672616537660e-04 8.922769338823854923e-04 8.863507537171244621e-04
8.552043036615941674e-04 8.106632158160209656e-04 8.054411737248301506e-04
7.723669186816550791e-04 7.265245658345520496e-04 7.220389088615775108e-04
6.879888169351033866e-04 6.420992431230843067e-04 6.383624277077615261e-04
6.045544178050477058e-04 5.601227749139070511e-04 5.571224028244614601e-04
5.249045625532744452e-04 4.834944847971200943e-04 4.811932449229061604e-04
4.518363239185418934e-04 4.148134612478315830e-04 4.131532623432576656e-04
3.876297669194173068e-04 3.559197066351771355e-04 3.548296517692506313e-04
3.336479967401828617e-04 3.075905260629951954e-04 3.069962258450686932e-04
2.901562147599179298e-04 2.695125294849276543e-04 2.693431451916694641e-04
2.564187961979769170e-04 2.405131235718727112e-04 2.407063439022749662e-04
2.310135514562716708e-04 2.189466031268239021e-04 2.194487606175243855e-04
2.122264986610389315e-04 2.030759351328015327e-04 2.038407110376283526e-04
1.983884540095459670e-04 1.913444430101662874e-04 1.923312374856323004e-04
1.880822192106279545e-04 1.825076178647577763e-04 1.836800947785377502e-04
1.802169617803883739e-04 1.756487035891041160e-04 1.769737573340535164e-04
1.740111583785619587e-04 1.701319124549627304e-04 1.715803082333877683e-04
1.689329546934459358e-04 1.655330415815114975e-04 1.670790807111188769e-04
1.646316304686479270e-04 1.615753280930221081e-04 1.631968480069190264e-04
1.608793090781546198e-04 1.580789394211024046e-04 1.597574155312031507e-04
1.575276755829690956e-04 1.549255248392000794e-04 1.566456630825996399e-04
1.544782671771827154e-04 1.520353980595245957e-04 1.537846110295504332e-04
1.516640177214867435e-04 1.493530871812254190e-04 1.511212467448785901e-04
1.490377626396366395e-04 1.468386908527463675e-04 1.486176042817533016e-04
1.465648156226961873e-04 1.444627268938347697e-04 1.462457148591056466e-04
1.442191005480708554e-04 1.422020868631079793e-04 1.439839106751605868e-04
1.419806603735196404e-04 1.400393084622919559e-04 1.418157189618796110e-04
1.398333779434324242e-04 1.379601308144629002e-04 1.397274754708632827e-04
1.377644593958393671e-04 1.359531743219122291e-04 1.377088337903842330e-04
1.357635210297303274e-04 1.340093876933678985e-04 1.357508590444922447e-04
1.338222919002873823e-04 1.321217278018593788e-04 1.338470901828259230e-04
1.319338416578830220e-04 1.302840828429907560e-04 1.319916627835482359e-04
1.300925405303132720e-04 1.284914324060082436e-04 1.301798765780404210e-04
1.282935982089838944e-04 1.267400803044438362e-04 1.284083409700542688e-04
1.265332061848312151e-04 1.250270870514214039e-04 1.266740873688831925e-04
1.248081034646020271e-04 1.233494986081495881e-04 1.249743509106338024e-04
1.231156666108290665e-04 1.217052194988355041e-04 1.233073562616482377e-04
1.214534258906496689e-04 1.200918195536360145e-04 1.216704622493125498e-04
1.198195527649659198e-04 1.185067230835556984e-04 1.200615151901729405e-04
1.182120590783597436e-04 1.169468159787356853e-04 1.184773864224553108e-04
1.166294741778983735e-04 1.154086057795211673e-04 1.169146125903353095e-04
1.150701041296997573e-04 1.138875886681489646e-04 1.153690245701000094e-04
1.135326783696655184e-04 1.123804540839046240e-04 1.138372754212468863e-04
1.120157453442516271e-04 1.108834694605320692e-04 1.123157635447569191e-04
1.105179694604885299e-04 1.093961400329135358e-04 1.108041324187070131e-04
1.090386053874681238e-04 1.079192297765985131e-04 1.093030878109857440e-04
1.075769632734591141e-04 1.064569660229608417e-04 1.078169516404159367e-04
1.061332154677074868e-04 1.050142745953053236e-04 1.063504678313620389e-04
1.047079599629796576e-04 1.035948516800999641e-04 1.049072670866735280e-04
1.033017965710314456e-04 1.022010692395269871e-04 1.034897431964054704e-04
1.019156516122166067e-04 1.008327235467731953e-04 1.020974668790586293e-04
1.005498056656506378e-04 9.948823571903631091e-05 1.007291575660929084e-04
9.920421371134580113e-05 9.816588135436177254e-05 9.938279981724917889e-05
9.787855788090382703e-05 9.686392149887979031e-05 9.805687295738607645e-05
9.657215423430898227e-05 9.558127203490585089e-05 9.675032924860715866e-05
9.528449299978092313e-05 9.431717626284807920e-05 9.546244837110862136e-05
9.401511624673730694e-05 9.307119762524962425e-05 9.419287380296736956e-05
9.276365562982391566e-05 9.184273221762850881e-05 9.294089977629482746e-05
9.152983875537756830e-05 9.063153993338346481e-05 9.170633711619302630e-05
9.031325680552981794e-05 8.943723514676094055e-05 9.048881474882364273e-05
8.911371423891978338e-05 8.825951954349875450e-05 8.928807801567018032e-05
8.793096549197798595e-05 8.709817484486848116e-05 8.810393774183467031e-05
8.676475908941938542e-05 8.595298277214169502e-05 8.693611744092777371e-05
8.561485719837946817e-05 8.482373959850519896e-05 8.578439155826345086e-05
8.448110065728542395e-05 8.371011062990874052e-05 8.464860729873180389e-05
8.336312885148799978e-05 8.261205221060663462e-05 8.352853910764679313e-05
8.226092631957726553e-05 8.152933150995522738e-05 8.242393232649192214e-05
8.117416700770263560e-05 8.046159928198903799e-05 8.133456867653876543e-05
8.010272586034261622e-05 7.940888463053852320e-05 8.026038267416879535e-05
7.904640733613632619e-05 7.837086741346865892e-05 7.920114148873835802e-05
7.800496769050369039e-05 7.734747487120330334e-05 7.815665594534948468e-05
7.697838464082451537e-05 7.633847417309880257e-05 7.712676597293466330e-05
7.596631485284888186e-05 7.534374890383332968e-05 7.611136243212968111e-05
7.496868192902184092e-05 7.436306623276323080e-05 7.511017611250281334e-05
7.398535035463282838e-05 7.339630974456667900e-05 7.412306149490177631e-05
7.301608729903819039e-05 7.244327571243047714e-05 7.314989488804712892e-05
7.206077953014755622e-05 7.150397868826985359e-05 7.219055260065943003e-05
7.111927016012487002e-05 7.057822222122922540e-05 7.124496914912015200e-05
7.019146914899465628e-05 6.966567161725834012e-05 7.031286077108234167e-05
6.927719323357450776e-05 6.876650149933993816e-05 6.939417653484269977e-05
6.837627142886049114e-05 6.788030441384762526e-05 6.848870543763041496e-05
6.748861096639302559e-05 6.700702215312048793e-05 6.759644747944548726e-05
6.661416000497411005e-05 6.614657468162477016e-05 6.671718438155949116e-05
6.575266252184519544e-05 6.529873644467443228e-05 6.585071241715922952e-05
6.490415171356289648e-05 6.446344195865094662e-05 6.499703886220231652e-05
6.406842794604017399e-05 6.364053115248680115e-05 6.415593088604509830e-05
6.324543210212141275e-05 6.282977119553834200e-05 6.332734483294188976e-05
6.243510779313510284e-05 6.203140947036445141e-05 6.251124432310461998e-05
6.163745865706005134e-05 6.124522769823670387e-05 6.170768756419420242e-05
6.085219911255990155e-05 6.047160422895103693e-05 6.091681279940530658e-05
6.007929300722025800e-05 5.971093196421861649e-05 6.013921665726229548e-05
5.931861323915654793e-05 5.896391303394921124e-05 5.937537207501009107e-05
5.856985944774351083e-05 5.823150058859027922e-05 5.862636680831201375e-05
5.783279107163252775e-05 5.751487333327531815e-05 5.789329225081019104e-05
5.710699565497634467e-05 5.681480251951143146e-05 5.717699968954548240e-05
5.639176060867612250e-05 5.613077519228681922e-05 5.647695070365443826e-05
5.568651454268547241e-05 5.546113243326544762e-05 5.579152639256790280e-05
5.499067492564790882e-05 5.480066465679556131e-05 5.511570270755328238e-05
5.430360738500894513e-05 5.414369661593809724e-05 5.444370617624372244e-05
5.362509637052426115e-05 5.348481499822810292e-05 5.377022898755967617e-05
5.295536288940638769e-05 5.282329948386177421e-05 5.309459811542183161e-05
5.229507200965599623e-05 5.216370118432678282e-05 5.242128099780529737e-05
5.164530398360511754e-05 5.151295772520825267e-05 5.175714613869786263e-05
5.100704720462090336e-05 5.087578028906136751e-05 5.110679921926930547e-05
5.038073800278652925e-05 5.025376231060363352e-05 5.047191370977088809e-05
4.976622608410252724e-05 4.964468826074153185e-05 4.985029590898193419e-05
4.916270768262620550e-05 4.904636807623319328e-05 4.923982123727910221e-05
4.856958344134909566e-05 4.845788498641923070e-05 4.863958747591823339e-05
4.798657096216629725e-05 4.787874058820307255e-05 4.804912532563321292e-05
4.741342559100303333e-05 4.730898217530921102e-05 4.746852937387302518e-05
4.685005478677339852e-05 4.674875526688992977e-05 4.689782508648931980e-05
4.629646014109312091e-05 4.619848550646565855e-05 4.633736534742638469e-05
4.575251159621984698e-05 4.565841300063766539e-05 4.578729931381531060e-05
4.521825576375704259e-05 4.512859231908805668e-05 4.524762334767729044e-05
4.469365603654296137e-05 4.460862692212685943e-05 4.471798092708922923e-05
4.417850072968576569e-05 4.409853863762691617e-05 4.419827746460214257e-05
4.367277711025963072e-05 4.359779268270358443e-05 4.368812369648367167e-05
4.317622983762703370e-05 4.310625081416219473e-05 4.318734499975107610e-05
4.268874113222409505e-05 4.262386937625706196e-05 4.269591590855270624e-05
4.221027847961522639e-05 4.215034641674719751e-05 4.221354174660518765e-05
4.174070318185840733e-05 4.168576197116635740e-05 4.174026253167539835e-05
4.127989564040035475e-05 4.122961399843916297e-05 4.127564170630648732e-05
4.082777650182833895e-05 4.078238998772576451e-05 4.082015948370099068e-05
4.038436645714682527e-05 4.034389712614938617e-05 4.037351754959672689e-05
3.994957342001725920e-05 3.991397534264251590e-05 3.993573045590892434e-05
3.952332713197392877e-05 3.949309757445007563e-05 3.950711470679380000e-05
3.910566647391533479e-05 3.908159123966470361e-05 3.908808139385655522e-05
3.869675242640369106e-05 3.868000567308627069e-05 3.867914347210898995e-05
3.829648107966932002e-05 3.828918488579802215e-05 3.828103217529132962e-05
3.790494383792974986e-05 3.791070048464462161e-05 3.789548645727336407e-05
3.752225848074886017e-05 3.754600766114890575e-05 3.752382690436206758e-05
3.714823810696543660e-05 3.719640517374500632e-05 3.716741048265248537e-05
3.678239545479300432e-05 3.686158015625551343e-05 3.682591341203078628e-05
3.642381602730893064e-05 3.653664316516369581e-05 3.649452992249280214e-05
3.607111898418224882e-05 3.621023643063381314e-05 3.616198955569416285e-05
3.572206128410471138e-05 3.586641105357557535e-05 3.581242708605714142e-05
3.537409406817459967e-05 3.549321991158649325e-05 3.543398634064942598e-05
3.502508775454771239e-05 3.509827001835219562e-05 3.503425250528380275e-05
3.467561737124924548e-05 3.470737283350899816e-05 3.463890971033833921e-05
3.433036431488289963e-05 3.434203608776442707e-05 3.426916737225838006e-05
3.399502156753442250e-05 3.400350760784931481e-05 3.392618964426219463e-05
3.367192243786121253e-05 3.368110628798604012e-05 3.359936818014830351e-05
3.335909946144965943e-05 3.336678128107450902e-05 3.328074672026559711e-05
3.305404243292286992e-05 3.305886639282107353e-05 3.296863724244758487e-05
3.275601375207770616e-05 3.275796552770771086e-05 3.266362182330340147e-05
3.246490450692363083e-05 3.246319829486310482e-05 3.236491465941071510e-05
3.218067263333068695e-05 3.217404446331784129e-05 3.207194095011800528e-05
3.190339089087501634e-05 3.189051858498714864e-05 3.178467159159481525e-05
3.163319502164085861e-05 3.161224594805389643e-05 3.150273914798162878e-05
3.137032013000862207e-05 3.133905556751415133e-05 3.122597627225331962e-05
3.111546243417251389e-05 3.107092197751626372e-05 3.095436477451585233e-05
3.086977176280925050e-05 3.080812166444957256e-05 3.068811929551884532e-05
3.063437441142013995e-05 3.055130218854174018e-05 3.042794196517206728e-05
3.041138722892355872e-05 3.030229345313273370e-05 3.017573180841282010e-05
3.020382916929520434e-05 3.006614315381739289e-05 2.993657471961341798e-05
3.001594598117662827e-05 2.985509854624979198e-05 2.972288348246365786e-05
2.985212370276713045e-05 2.969705019495449960e-05 2.956264324893709272e-05
2.971600736145774135e-05 2.964664781757164747e-05 2.951085843960754573e-05
2.960412950869795168e-05 2.977586700581014156e-05 2.963954466395080090e-05
2.950052373762446223e-05 3.009111424034927040e-05 2.995493741764221340e-05
2.936962368949025404e-05 3.033587563550099730e-05 3.019963332917541265e-05
2.916121457019471563e-05 3.002384619321674109e-05 2.988605774589814246e-05
2.882514365865063155e-05 2.912294803536497056e-05 2.898160710174124688e-05
2.837214151441003196e-05 2.833959661074914038e-05 2.819427572831045836e-05
2.794503586756036384e-05 2.796816261252388358e-05 2.782076990115456283e-05
2.765744045518658822e-05 2.774060703814029694e-05 2.759235030680429190e-05
2.743442644259630470e-05 2.748696715570986271e-05 2.733734800131060183e-05
2.720941404277255060e-05 2.726249840634409338e-05 2.711184060899540782e-05
2.700005541100836126e-05 2.704637518036179245e-05 2.689475149963982403e-05
2.679911631275899708e-05 2.683787897694855928e-05 2.668545857886783779e-05
2.660765107975748833e-05 2.663130362634547055e-05 2.647811197675764561e-05
2.642636422933719587e-05 2.642596518853679299e-05 2.627200046845246106e-05
2.626015748319332488e-05 2.622148167574778199e-05 2.606668203952722251e-05
2.611850072753441054e-05 2.602526546979788691e-05 2.586958908068481833e-05
2.601770631827093894e-05 2.585062247817404568e-05 2.569477510405704379e-05
2.596063188775588060e-05 2.588417919469065964e-05 2.573046913312282413e-05
2.587244728147197748e-05 2.640908678586129099e-05 2.625877641548868269e-05
2.659446408870280720e-05 2.792870509438216686e-05 2.778294583549723029e-05
3.262917107349494472e-05 4.557111242320388556e-05 4.544652256299741566e-05
7.125698243726219516e-05 7.318113057408481836e-05 7.308409840334206820e-05
3.532904645453527337e-05 2.703019890759605914e-05 2.686730658751912415e-05
2.660484210537106264e-05 3.486017158138565719e-05 3.472910611890256405e-05
1.104406746890163049e-04 1.915572938742116094e-04 1.915276370709761977e-04
6.882969364596647210e-05 3.231313166907057166e-05 3.214476600987836719e-05
3.575492030449822778e-05 2.736049646046012640e-05 2.721832061070017517e-05
2.467650301696266979e-05 2.404509905318263918e-05 2.389321889495477080e-05
3.341168849146924913e-05 6.342453707475215197e-05 6.331803160719573498e-05
1.469274056944414042e-04 9.586260421201586723e-05 9.580017649568617344e-05
4.649899096875742543e-05 2.403503822279162705e-05 2.388648681517224759e-05
3.583605962376168463e-05 2.829396908055059612e-05 2.815844709402881563e-05
2.391241764598817099e-05 2.341766958124935627e-05 2.326823596376925707e-05
3.480617590412293794e-05 8.338504267157986760e-05 8.329480624524876475e-05
2.313264976692153141e-04 2.904303437389899045e-05 2.891757321776822209e-05
6.140293066891899798e-05 5.745736052631400526e-05 5.738500476581975818e-05
3.094939904713100987e-05 2.303416113136336207e-05 2.288866198796313256e-05
2.582303477538516745e-05 2.262004636577330530e-05 2.246672374894842505e-05
