1.617035171017050743e+00 3.881017565727233887e-01 3.878035545349121094e-01
3.571021724492311478e-01 2.391856014728546143e-01 2.392388880252838135e-01
2.218095352873206139e-01 1.887052059173583984e-01 1.890841126441955566e-01
1.747236382216215134e-01 1.615401506423950195e-01 1.617157161235809326e-01
1.520419353619217873e-01 1.438270062208175659e-01 1.440805792808532715e-01
1.367478976026177406e-01 1.304616630077362061e-01 1.306847631931304932e-01
1.247796341776847839e-01 1.197981461882591248e-01 1.199658811092376709e-01
1.149219647049903870e-01 1.106505617499351501e-01 1.107858717441558838e-01
1.062287734821438789e-01 1.023187488317489624e-01 1.024347096681594849e-01
9.812511177733540535e-02 9.434082359075546265e-02 9.444211423397064209e-02
9.021791769191622734e-02 8.640119433403015137e-02 8.649222552776336670e-02
8.223698521032929420e-02 7.827176153659820557e-02 7.835722714662551880e-02
7.398713612928986549e-02 6.978742033243179321e-02 6.987064331769943237e-02
6.532942317426204681e-02 6.084043532609939575e-02 6.092333421111106873e-02
5.619099386967718601e-02 5.140459164977073669e-02 5.148790404200553894e-02
4.660298652015626431e-02 4.158801212906837463e-02 4.167121648788452148e-02
3.676267131231725216e-02 3.170370683073997498e-02 3.178514167666435242e-02
2.710034011397510767e-02 2.232220396399497986e-02 2.239926159381866455e-02
1.829228020505979657e-02 1.422053389251232147e-02 1.429014652967453003e-02
1.112067711073905230e-02 8.129664696753025055e-03 8.189231157302856445e-03
6.137190415756776929e-03 4.335588309913873672e-03 4.384073428809642792e-03
3.318052797112613916e-03 2.467305865138769150e-03 2.505781129002571106e-03
2.070677895972039551e-03 1.762019470334053040e-03 1.793047762475907803e-03
1.645652322622481734e-03 1.553686917759478092e-03 1.580070820637047291e-03
1.526456297142431140e-03 1.494841650128364563e-03 1.518722274340689182e-03
1.488116802647709846e-03 1.468565431423485279e-03 1.491220900788903236e-03
1.465824359911493957e-03 1.448524184525012970e-03 1.470579765737056732e-03
1.446801208658143878e-03 1.430259901098906994e-03 1.451971009373664856e-03
1.428897994628641754e-03 1.412715180777013302e-03 1.434170990251004696e-03
1.411425822880119085e-03 1.395363826304674149e-03 1.416594255715608597e-03
1.393998682033270597e-03 1.377924112603068352e-03 1.398942782543599606e-03
1.376412459649145603e-03 1.360262045636773109e-03 1.381078152917325497e-03
1.358570196316577494e-03 1.342318719252943993e-03 1.362938899546861649e-03
1.340429022093303502e-03 1.324069220572710037e-03 1.344497082754969597e-03
1.321971831202972680e-03 1.305505284108221531e-03 1.325741526670753956e-03
1.303194694628473371e-03 1.286627259105443954e-03 1.306669786572456360e-03
1.284099998883903027e-03 1.267439103685319424e-03 1.287283608689904213e-03
1.264693019038531929e-03 1.247948035597801208e-03 1.267588115297257900e-03
1.244980907358694822e-03 1.228161505423486233e-03 1.247590989805757999e-03
1.224972642376087606e-03 1.208089408464729786e-03 1.227301079779863358e-03
1.204677908390294760e-03 1.187741523608565331e-03 1.206728047691285610e-03
1.184107873996254057e-03 1.167129841633141041e-03 1.185883535072207451e-03
1.163274791906587780e-03 1.146267866715788841e-03 1.164780929684638977e-03
1.142192784755025059e-03 1.125169801525771618e-03 1.143434667028486729e-03
1.120876819186378270e-03 1.103851129300892353e-03 1.121860346756875515e-03
1.099343637179117650e-03 1.082329778000712395e-03 1.100076129660010338e-03
1.077611828804947436e-03 1.060625072568655014e-03 1.078101107850670815e-03
1.055701279256027192e-03 1.038757152855396271e-03 1.055956236086785793e-03
1.033633983752224594e-03 1.016749069094657898e-03 1.033664448186755180e-03
1.011433683743234724e-03 9.946253849193453789e-04 1.011250540614128113e-03
9.891259833239018917e-04 9.724127012304961681e-04 9.887418709695339203e-04
9.667383928899653256e-04 9.501386666670441628e-04 9.661662625148892403e-04
9.443002891202922910e-04 9.278337820433080196e-04 9.435542742721736431e-04
9.218429258908145130e-04 9.055303526110947132e-04 9.209391428157687187e-04
8.993997980724088848e-04 8.832613239064812660e-04 8.983543375506997108e-04
8.770053500484209508e-04 8.610630757175385952e-04 8.758362964726984501e-04
8.546966237190645188e-04 8.389720460399985313e-04 8.534220978617668152e-04
8.325111739395651966e-04 8.170260116457939148e-04 8.311506826430559158e-04
8.104884655040223151e-04 7.952657761052250862e-04 8.090625051409006119e-04
7.886687417339999229e-04 7.737305713817477226e-04 7.871983689256012440e-04
7.670931263419333845e-04 7.524617249146103859e-04 7.655996596440672874e-04
7.458031104761175811e-04 7.315003313124179840e-04 7.443081703968346119e-04
7.248405781865585595e-04 7.108879508450627327e-04 7.233663927763700485e-04
7.042467332212254405e-04 6.906647467985749245e-04 7.028151303529739380e-04
6.840622918389271945e-04 6.708705914206802845e-04 6.826949538663029671e-04
6.643265624006744474e-04 6.515433196909725666e-04 6.630442803725600243e-04
6.450773507822304964e-04 6.327195442281663418e-04 6.439003627747297287e-04
6.263503710215445608e-04 6.144329672679305077e-04 6.252979510463774204e-04
6.081785177229903638e-04 5.967146134935319424e-04 6.072683027014136314e-04
5.905918733333237469e-04 5.795929464511573315e-04 5.898405797779560089e-04
5.736173588957171887e-04 5.630914820358157158e-04 5.730392877012491226e-04
5.572769514401443303e-04 5.472302436828613281e-04 5.568845663219690323e-04
5.415894520410802215e-04 5.320257041603326797e-04 5.413934704847633839e-04
5.265689906082116067e-04 5.174889229238033295e-04 5.265778163447976112e-04
5.122244656377006322e-04 5.036266520619392395e-04 5.124445306137204170e-04
4.985608684364706278e-04 4.904412198811769485e-04 4.989962908439338207e-04
4.855779807257931679e-04 4.779300070367753506e-04 4.862311761826276779e-04
4.732706711365608498e-04 4.660863196477293968e-04 4.741422599181532860e-04
4.616293263097759336e-04 4.548988654278218746e-04 4.627186572179198265e-04
4.506402201513992622e-04 4.443529760465025902e-04 4.519458161666989326e-04
4.402854010550072417e-04 4.344294429756700993e-04 4.418047028593719006e-04
4.305435959395254031e-04 4.251064383424818516e-04 4.322732565924525261e-04
4.213900392642244697e-04 4.163588164374232292e-04 4.233265644870698452e-04
4.127976299059810117e-04 4.081582883372902870e-04 4.149360465817153454e-04
4.047370784974191338e-04 4.004740039817988873e-04 4.070706199854612350e-04
3.971774949604878202e-04 3.932737163268029690e-04 3.996979794465005398e-04
3.900871834048302844e-04 3.865224425680935383e-04 3.927828511223196983e-04
3.834337967418832704e-04 3.801859566010534763e-04 3.862903977278620005e-04
3.771853007492609322e-04 3.742293920367956161e-04 3.801857819780707359e-04
3.713097339641535655e-04 3.686197742354124784e-04 3.744353889487683773e-04
3.657764700619736686e-04 3.633261658251285553e-04 3.690079029183834791e-04
3.605553829402197152e-04 3.583192010410130024e-04 3.638738126028329134e-04
3.556178562575951219e-04 3.535723662935197353e-04 3.590057021938264370e-04
3.509363905322970822e-04 3.490600502118468285e-04 3.543780767358839512e-04
3.464851597527740523e-04 3.447592898737639189e-04 3.499672457110136747e-04
3.422398040129337460e-04 3.406474133953452110e-04 3.457503626123070717e-04
3.381775823072530329e-04 3.367034369148313999e-04 3.417060652282088995e-04
3.342774652992375195e-04 3.329081228002905846e-04 3.378146211616694927e-04
3.305206319055287167e-04 3.292442706879228354e-04 3.340587136335670948e-04
3.268898017267929390e-04 3.256953204981982708e-04 3.304216079413890839e-04
3.233693369111279026e-04 3.222470986656844616e-04 3.268886939622461796e-04
3.199455986759858206e-04 3.188872069586068392e-04 3.234473988413810730e-04
3.166063816024689004e-04 3.156038874294608831e-04 3.200854989700019360e-04
3.133408827125094831e-04 3.123879141639918089e-04 3.167937102261930704e-04
3.101397051068488508e-04 3.092299157287925482e-04 3.135625738650560379e-04
3.069946906180121005e-04 3.061227907892316580e-04 3.103846102021634579e-04
3.038988197658909485e-04 3.030603693332523108e-04 3.072534454986453056e-04
3.008461080753477290e-04 3.000370343215763569e-04 3.041635500267148018e-04
2.978313623316353187e-04 2.970482746604830027e-04 3.011099761351943016e-04
2.948503788502421230e-04 2.940903941635042429e-04 2.980890858452767134e-04
2.918994759966153651e-04 2.911601040977984667e-04 2.950972993858158588e-04
2.889756924560060725e-04 2.882550470530986786e-04 2.921322884503751993e-04
2.860765289369737729e-04 2.853727783076465130e-04 2.891916083171963692e-04
2.832001009664963931e-04 2.825116389431059361e-04 2.862735418602824211e-04
2.803448805934749544e-04 2.796709304675459862e-04 2.833769249264150858e-04
2.775096400000620633e-04 2.768489066511392593e-04 2.805003314279019833e-04
2.746933951129904017e-04 2.740451600402593613e-04 2.776431210804730654e-04
2.718956366152269766e-04 2.712589339353144169e-04 2.748046535998582840e-04
2.691158115339931101e-04 2.684901701286435127e-04 2.719844924286007881e-04
2.663537670741789043e-04 2.657385775819420815e-04 2.691822883207350969e-04
2.636093940964201465e-04 2.630042727105319500e-04 2.663985360413789749e-04
2.608827035146532580e-04 2.602871682029217482e-04 2.636326826177537441e-04
2.581738463049987331e-04 2.575877297203987837e-04 2.608852228149771690e-04
2.554831480665598065e-04 2.549062191974371672e-04 2.581563312560319901e-04
2.528108689148211852e-04 2.522429276723414660e-04 2.554463571868836880e-04
2.501574417692609131e-04 2.495983499102294445e-04 2.527557080611586571e-04
2.475231394782895222e-04 2.469728933647274971e-04 2.500847331248223782e-04
2.449086505293962546e-04 2.443670819047838449e-04 2.474339853506535292e-04
2.423142732368432917e-04 2.417815849184989929e-04 2.448039595037698746e-04
2.397407115495298058e-04 2.392167807556688786e-04 2.421952231088653207e-04
2.371884884269093163e-04 2.366732805967330933e-04 2.396082563791424036e-04
2.346579958611982875e-04 2.341517392778769135e-04 2.370435686316341162e-04
2.321499850950203836e-04 2.316527097718790174e-04 2.345019747735932469e-04
2.296649845447973348e-04 2.291767159476876259e-04 2.319837512914091349e-04
2.272036017529899254e-04 2.267243980895727873e-04 2.294895821250975132e-04
2.247662459922139533e-04 2.242962946183979511e-04 2.270200639031827450e-04
2.223536821475136094e-04 2.218931622337549925e-04 2.245759242214262486e-04
2.199663813371444121e-04 2.195152628701180220e-04 2.221575123257935047e-04
2.176048801629804075e-04 2.171634550904855132e-04 2.197655267082154751e-04
2.152697506971890107e-04 2.148380444850772619e-04 2.174002293031662703e-04
2.129614413206581958e-04 2.125397877534851432e-04 2.150624786736443639e-04
2.106805332005023956e-04 2.102691796608269215e-04 2.127527695847675204e-04
2.084275238303234801e-04 2.080264966934919357e-04 2.104714221786707640e-04
2.062028197542531416e-04 2.058125101029872894e-04 2.082191640511155128e-04
2.040069748545647599e-04 2.036278310697525740e-04 2.059965190710499883e-04
2.018404175032628700e-04 2.014726051129400730e-04 2.038037200691178441e-04
1.997034451051149517e-04 1.993474579649046063e-04 2.016414946410804987e-04
1.975965942619950511e-04 1.972528407350182533e-04 1.995101629290729761e-04
1.955202869794447906e-04 1.951893646037206054e-04 1.974102342501282692e-04
1.934748152052634396e-04 1.931569422595202923e-04 1.953418977791443467e-04
1.914602962642675266e-04 1.911561121232807636e-04 1.933055173140019178e-04
1.894773704407270998e-04 1.891873253043740988e-04 1.913015439640730619e-04
1.875260213637375273e-04 1.872501161415129900e-04 1.893296139314770699e-04
1.856065227912040427e-04 1.853446301538497210e-04 1.873897999757900834e-04
1.837190211517736316e-04 1.834704889915883541e-04 1.854817528510466218e-04
1.818635446397820488e-04 1.816269068513065577e-04 1.836046285461634398e-04
1.800399231797200628e-04 1.798130979295819998e-04 1.817577285692095757e-04
1.782481804184499197e-04 1.780278980731964111e-04 1.799398160073906183e-04
1.764878888934617862e-04 1.762701431289315224e-04 1.781497558113187551e-04
1.747587184581789188e-04 1.745391928125172853e-04 1.763866894179955125e-04
1.730600815790239722e-04 1.728342322167009115e-04 1.746501220623031259e-04
1.713913561616209336e-04 1.711565128061920404e-04 1.729410723783075809e-04
1.697521047390182503e-04 1.695072714937850833e-04 1.712608209345489740e-04
1.681418252701405436e-04 1.678894041106104851e-04 1.696124672889709473e-04
1.665601930653792806e-04 1.663061993895098567e-04 1.679989654803648591e-04
1.650076719670323655e-04 1.647590543143451214e-04 1.664219889789819717e-04
1.634844747968600132e-04 1.632487255847081542e-04 1.648823090363293886e-04
1.619912463866057806e-04 1.617742091184481978e-04 1.633789215702563524e-04
1.605287925485754386e-04 1.603335258550941944e-04 1.619099493836984038e-04
1.590977926753112115e-04 1.589245803188532591e-04 1.604731951374560595e-04
1.576983431732514873e-04 1.575461938045918941e-04 1.590673928149044514e-04
1.563304813316790387e-04 1.561971730552613735e-04 1.576916547492146492e-04
1.549937587697058916e-04 1.548775180708616972e-04 1.563456316944211721e-04
1.536875688543659635e-04 1.535868213977664709e-04 1.550290326122194529e-04
1.524112776678521186e-04 1.523246901342645288e-04 1.537415373604744673e-04
1.511641612523817457e-04 1.510910806246101856e-04 1.524829567642882466e-04
1.499458212492754683e-04 1.498856581747531891e-04 1.512528979219496250e-04
1.487555800849804655e-04 1.487079571234062314e-04 1.500511280028149486e-04
1.475928520449087955e-04 1.475577591918408871e-04 1.488772832090035081e-04
1.464572269469499588e-04 1.464345696149393916e-04 1.477307669119909406e-04
1.453480626878445037e-04 1.453376607969403267e-04 1.466111425543203950e-04
1.442646989744389430e-04 1.442665088688954711e-04 1.455176970921456814e-04
1.432065528206294402e-04 1.432199496775865555e-04 1.444493536837399006e-04
1.421728120476473123e-04 1.421970519004389644e-04 1.434052828699350357e-04
1.411630510119721293e-04 1.411964476574212313e-04 1.423841313226148486e-04
1.401762410750961863e-04 1.402162888552993536e-04 1.413840218447148800e-04
1.392118620060500689e-04 1.392553094774484634e-04 1.404040085617452860e-04
1.382690670652664267e-04 1.383118360536172986e-04 1.394423597957938910e-04
1.373470440739765763e-04 1.373853447148576379e-04 1.384985516779124737e-04
1.364451127301435918e-04 1.364753552479669452e-04 1.375720603391528130e-04
1.355627509838086553e-04 1.355825515929609537e-04 1.366635260637849569e-04
1.346994849882321432e-04 1.347080396953970194e-04 1.357739383820444345e-04
1.338548609055578709e-04 1.338529691565781832e-04 1.349042868241667747e-04
1.330289278484997340e-04 1.330182567471638322e-04 1.340553862974047661e-04
1.322213274761452340e-04 1.322040188824757934e-04 1.332270912826061249e-04
1.314320052188122645e-04 1.314099790761247277e-04 1.324190379818901420e-04
1.306606964135426097e-04 1.306351477978751063e-04 1.316302223131060600e-04
1.299068580919993110e-04 1.298787392443045974e-04 1.308597711613401771e-04
1.291700809815665707e-04 1.291396183660253882e-04 1.301065494772046804e-04
1.284497839151299559e-04 1.284172176383435726e-04 1.293701789109036326e-04
1.277455257877591066e-04 1.277108094654977322e-04 1.286498008994385600e-04
1.270566272069117986e-04 1.270199427381157875e-04 1.279449788853526115e-04
1.263827170987497084e-04 1.263443264178931713e-04 1.272554509341716766e-04
1.257233625437947921e-04 1.256835821550339460e-04 1.265808532480150461e-04
1.250781042472226545e-04 1.250374334631487727e-04 1.259208802366629243e-04
1.244466020580148324e-04 1.244058221345767379e-04 1.252755173482000828e-04
1.238285221916157752e-04 1.237884716829285026e-04 1.246446336153894663e-04
1.232234353665262461e-04 1.231851929333060980e-04 1.240278943441808224e-04
1.226312560902442783e-04 1.225957385031506419e-04 1.234253431903198361e-04
1.220515423483448103e-04 1.220199701492674649e-04 1.228368055308237672e-04
1.214840890497725923e-04 1.214573567267507315e-04 1.222617866005748510e-04
1.209285883305710740e-04 1.209071924677118659e-04 1.216997407027520239e-04
1.203848514705896378e-04 1.203681968036107719e-04 1.211495691677555442e-04
1.198523978018783964e-04 1.198386453324928880e-04 1.206094239023514092e-04
1.193306093227874953e-04 1.193162897834554315e-04 1.200769911520183086e-04
1.188186852232320234e-04 1.187983143609017134e-04 1.195497025037184358e-04
1.183153508463874459e-04 1.182824635179713368e-04 1.190249895444139838e-04
1.178191701001196634e-04 1.177679150714538991e-04 1.185020955745130777e-04
1.173282289528287947e-04 1.172569463960826397e-04 1.179831961053423584e-04
1.168411909020505846e-04 1.167550144600681961e-04 1.174737044493667781e-04
1.163567731055081822e-04 1.162688495242036879e-04 1.169803144875913858e-04
1.158752779701899271e-04 1.158023806056007743e-04 1.165070425486192107e-04
1.153982721007196233e-04 1.153540579252876341e-04 1.160522951977327466e-04
1.149284007624373771e-04 1.149173040175810456e-04 1.156097205239348114e-04
1.144680586548929568e-04 1.144860652857460082e-04 1.151730830315500498e-04
1.140189283432846423e-04 1.140578460763208568e-04 1.147398288594558835e-04
1.135810134655912407e-04 1.136339487857185304e-04 1.143112313002347946e-04
1.131533554143970832e-04 1.132159741246141493e-04 1.138887164415791631e-04
1.127346395151107572e-04 1.128046278608962893e-04 1.134729245677590370e-04
1.123240122069546487e-04 1.123996553360484540e-04 1.130637392634525895e-04
1.119210492106503807e-04 1.120005181292071939e-04 1.126604693126864731e-04
1.115255799959413707e-04 1.116077764891088009e-04 1.122637186199426651e-04
1.111370725084270816e-04 1.112218742491677403e-04 1.118737854994833469e-04
1.107554362533846870e-04 1.108419164665974677e-04 1.114899132517166436e-04
1.103803128899016883e-04 1.104681141441687942e-04 1.111121964640915394e-04
1.100115850931615569e-04 1.101005182135850191e-04 1.107407952076755464e-04
1.096490191230259370e-04 1.097390631912276149e-04 1.103754620999097824e-04
1.092924881049839314e-04 1.093839237000793219e-04 1.100163426599465311e-04
1.089418242372630630e-04 1.090347941499203444e-04 1.096632186090573668e-04
1.085969020095944870e-04 1.086917254724539816e-04 1.093160681193694472e-04
1.082575186046597082e-04 1.083549868781119585e-04 1.089751458493992686e-04
1.079236335499444976e-04 1.080247820937074721e-04 1.086406336980871856e-04
1.075950076483422890e-04 1.077007327694445848e-04 1.083121023839339614e-04
1.072715981536020990e-04 1.073830571840517223e-04 1.079899811884388328e-04
1.069533223017060664e-04 1.070714861270971596e-04 1.076739354175515473e-04
1.066399336195900105e-04 1.067645207513123751e-04 1.073626626748591661e-04
1.063315498868178111e-04 1.064607713487930596e-04 1.070549187716096640e-04
1.060280387719103601e-04 1.061583025148138404e-04 1.067488628905266523e-04
1.057297672559798229e-04 1.058560374076478183e-04 1.064436946762725711e-04
1.054369281519029755e-04 1.055526008713059127e-04 1.061376970028504729e-04
