9.409510456025600433e-01 5.141966342926025391e-01 5.124593377113342285e-01
3.194296499714255333e-01 2.192017287015914917e-01 2.176873683929443359e-01
1.640873476862907410e-01 1.347209662199020386e-01 1.342655718326568604e-01
1.263359640724956989e-01 1.182810366153717041e-01 1.180380880832672119e-01
1.132833617739379406e-01 1.075617149472236633e-01 1.072501465678215027e-01
1.031763902865350246e-01 9.771089255809783936e-02 9.744608402252197266e-02
9.289297834038734436e-02 8.697587996721267700e-02 8.677797019481658936e-02
8.164065890014171600e-02 7.504242658615112305e-02 7.488787174224853516e-02
6.896964344196021557e-02 6.151852384209632874e-02 6.141515076160430908e-02
5.466201878152787685e-02 4.642328247427940369e-02 4.637328907847404480e-02
3.912183409556746483e-02 3.071410767734050751e-02 3.070634230971336365e-02
2.394425263628363609e-02 1.672135293483734131e-02 1.674041338264942169e-02
1.187801343621686101e-02 7.307121530175209045e-03 7.333423476666212082e-03
5.031696215155534446e-03 3.231623210012912750e-03 3.252980299293994904e-03
2.658789206179790199e-03 2.290005097165703773e-03 2.305672504007816315e-03
2.223333911388181150e-03 2.163860946893692017e-03 2.177578862756490707e-03
2.139992750016972423e-03 2.091176807880401611e-03 2.105014165863394737e-03
2.066102548269554973e-03 2.017535269260406494e-03 2.031691139563918114e-03
1.995270955376327038e-03 1.949525438249111176e-03 1.963675953447818756e-03
1.928509715071413666e-03 1.884264405816793442e-03 1.898179296404123306e-03
1.863846358901355416e-03 1.820852514356374741e-03 1.834465889260172844e-03
1.801095851988065988e-03 1.759408856742084026e-03 1.772735733538866043e-03
1.740408479236066341e-03 1.700059743598103523e-03 1.713125384412705898e-03
1.681882597040385008e-03 1.642898423597216606e-03 1.655700849369168282e-03
1.625571436306927353e-03 1.587969250977039337e-03 1.600481336936354637e-03
1.571472668729256839e-03 1.535245683044195175e-03 1.547436811961233616e-03
1.519526107585988939e-03 1.484641456045210361e-03 1.496481942012906075e-03
1.469620707212015986e-03 1.436024671420454979e-03 1.447486807592213154e-03
1.421608656528405845e-03 1.389233861118555069e-03 1.400293782353401184e-03
1.375323074171319604e-03 1.344094984233379364e-03 1.354734762571752071e-03
1.330594466708134860e-03 1.300438772886991501e-03 1.310645369812846184e-03
1.287265018618199974e-03 1.258112024515867233e-03 1.267879502847790718e-03
1.245197294338140637e-03 1.216985634528100491e-03 1.226312946528196335e-03
1.204279345984105021e-03 1.176956342533230782e-03 1.185848261229693890e-03
1.164424233138561249e-03 1.137946266680955887e-03 1.146410824730992317e-03
1.125569848227314651e-03 1.099902205169200897e-03 1.107951160520315170e-03
1.087675271264743060e-03 1.062791096046566963e-03 1.070437952876091003e-03
1.050718034093733877e-03 1.026597106829285622e-03 1.033857231959700584e-03
1.014689893054310232e-03 9.913183748722076416e-04 9.982079500332474709e-04
9.795946571102831513e-04 9.569633984938263893e-04 9.634990710765123367e-04
9.454453720536548644e-04 9.235495235770940781e-04 9.297479409724473953e-04
9.122609480982646346e-04 8.910975302569568157e-04 8.969764458015561104e-04
8.800645227893255651e-04 8.596329716965556145e-04 8.652090327814221382e-04
8.488813800795469433e-04 8.291820995509624481e-04 8.344720117747783661e-04
8.187365965568460524e-04 7.997693028301000595e-04 8.047897135838866234e-04
7.896541828813496977e-04 7.714171661064028740e-04 7.761847809888422489e-04
7.616553739353548735e-04 7.441454217769205570e-04 7.486765971407294273e-04
7.347576283791568130e-04 7.179685053415596485e-04 7.222791900858283043e-04
7.089727332640904933e-04 6.928950315341353416e-04 6.970015820115804672e-04
6.843074443168006837e-04 6.689282017759978771e-04 6.728470325469970703e-04
6.607619652641005814e-04 6.460656877607107162e-04 6.498126895166933537e-04
6.383298023138195276e-04 6.242969539016485214e-04 6.278894143179059029e-04
6.169981643324717879e-04 6.036080303601920605e-04 6.070621311664581299e-04
5.967473080090712756e-04 5.839787190780043602e-04 5.873105837963521481e-04
5.775513709522783756e-04 5.653836415149271488e-04 5.686072981916368008e-04
5.593789246631786227e-04 5.477928789332509041e-04 5.509200273081660271e-04
5.421936548373196274e-04 5.311705172061920166e-04 5.342088406905531883e-04
5.259557037788908929e-04 5.154744139872491360e-04 5.184272304177284241e-04
5.106221142341382802e-04 5.006575956940650940e-04 5.035246722400188446e-04
4.961478880431968719e-04 4.866707604378461838e-04 4.894500598311424255e-04
4.824860516237094998e-04 4.734641406685113907e-04 4.761542659252882004e-04
4.695874358731089160e-04 4.609882307704538107e-04 4.635897930711507797e-04
4.574020385916810483e-04 4.491943691391497850e-04 4.517094348557293415e-04
4.458797993720509112e-04 4.380346799734979868e-04 4.404667706694453955e-04
4.349708178779110312e-04 4.274610837455838919e-04 4.298128769733011723e-04
4.246268654242157936e-04 4.174265777692198753e-04 4.197005764581263065e-04
4.148017142142634839e-04 4.078871861565858126e-04 4.100847872905433178e-04
4.054518085467861965e-04 3.988013195339590311e-04 4.009240074083209038e-04
3.965357154811499640e-04 3.901293384842574596e-04 3.921784518752247095e-04
3.880150143231730908e-04 3.818352706730365753e-04 3.838115953840315342e-04
3.798542275035288185e-04 3.738848026841878891e-04 3.757891245186328888e-04
3.720205677382182330e-04 3.662476665340363979e-04 3.680799563881009817e-04
3.644846474344376475e-04 3.588961844798177481e-04 3.606570535339415073e-04
3.572197329049231485e-04 3.518051235005259514e-04 3.534943680278956890e-04
3.502019590087002143e-04 3.449521318543702364e-04 3.465695772320032120e-04
3.434100981394294649e-04 3.383175353519618511e-04 3.398630360607057810e-04
3.368256966496119276e-04 3.318841336295008659e-04 3.333573695272207260e-04
3.304324854980222881e-04 3.256363561376929283e-04 3.270370652899146080e-04
3.242163093091221526e-04 3.195613389834761620e-04 3.208893176633864641e-04
3.181652646162547171e-04 3.136475570499897003e-04 3.149024560116231441e-04
3.122688813164131716e-04 3.078852023463696241e-04 3.090669342782348394e-04
3.065185501327505335e-04 3.022662713192403316e-04 3.033744287677109241e-04
3.009068514074897394e-04 2.967837208416312933e-04 2.978181582875549793e-04
2.954278024844825268e-04 2.914318174589425325e-04 2.923925057984888554e-04
2.900763101933989674e-04 2.862053806893527508e-04 2.870921744033694267e-04
2.848482272383989766e-04 2.811007434502243996e-04 2.819139626808464527e-04
2.797402248688740656e-04 2.761146170087158680e-04 2.768542326521128416e-04
2.747495836956659332e-04 2.712442656047642231e-04 2.719104231800884008e-04
2.698740936466492712e-04 2.664874773472547531e-04 2.670803805813193321e-04
2.651120321388589218e-04 2.618427388370037079e-04 2.623624750413000584e-04
2.604618948680581525e-04 2.573085948824882507e-04 2.577554550953209400e-04
2.559227159508736804e-04 2.528841723687946796e-04 2.532584476284682751e-04
2.514934258215362206e-04 2.485689183231443167e-04 2.488708996679633856e-04
2.471732823323691264e-04 2.443621342536062002e-04 2.445924910716712475e-04
2.429616288281977177e-04 2.402636164333671331e-04 2.404232800472527742e-04
2.388577549936599098e-04 2.362723753321915865e-04 2.363629755564033985e-04
2.348608804823015817e-04 2.323874214198440313e-04 2.324114902876317501e-04
2.309700494151911698e-04 2.286061935592442751e-04 2.285678492626175284e-04
2.271841676702024415e-04 2.249256940558552742e-04 2.248305245302617550e-04
2.235016745544271544e-04 2.213426632806658745e-04 2.211980463471263647e-04
2.199210248363669962e-04 2.178559661842882633e-04 2.176698762923479080e-04
2.164404168070177548e-04 2.144675963791087270e-04 2.142477169400081038e-04
2.130591483364696614e-04 2.111821959260851145e-04 2.109337219735607505e-04
2.097769329338916577e-04 2.080024714814499021e-04 2.077272802125662565e-04
2.065945791400736198e-04 2.049264730885624886e-04 2.046231238637119532e-04
2.035130119111272506e-04 2.019499079324305058e-04 2.016155049204826355e-04
2.005317292059771717e-04 1.990693272091448307e-04 1.987018622457981110e-04
1.976492139874608256e-04 1.962831593118607998e-04 1.958825159817934036e-04
1.948635426742839627e-04 1.935908367158845067e-04 1.931578299263492227e-04
1.921725852298550308e-04 1.909905113279819489e-04 1.905263779917731881e-04
1.895746418085764162e-04 1.884806843008846045e-04 1.879863848444074392e-04
1.870680198408081196e-04 1.860593911260366440e-04 1.855362934293225408e-04
1.846509858296485618e-04 1.837250019889324903e-04 1.831743575166910887e-04
1.823216307457187213e-04 1.814753923099488020e-04 1.808984525268897414e-04
1.800780000849044882e-04 1.793085975805297494e-04 1.787065266398712993e-04
1.779181729943957180e-04 1.772227406036108732e-04 1.765970082487910986e-04
1.758400285325478762e-04 1.752156240399926901e-04 1.745674817357212305e-04
1.738414566716528498e-04 1.732851524138823152e-04 1.726159534882754087e-04
1.719202118692919612e-04 1.714293466648086905e-04 1.707402407191693783e-04
1.700739712759968825e-04 1.696458784863352776e-04 1.689383643679320812e-04
1.683004638834972866e-04 1.679326815064996481e-04 1.672078797128051519e-04
1.665971685724798590e-04 1.662870927248150110e-04 1.655463129281997681e-04
1.649616206123027951e-04 1.647073804633691907e-04 1.639518886804580688e-04
1.633914862395613454e-04 1.631906343391165137e-04 1.624217256903648376e-04
1.618840760784223676e-04 1.617341913515701890e-04 1.609527680557221174e-04
1.604368444532155991e-04 1.603363780304789543e-04 1.595437352079898119e-04
1.590474084878223948e-04 1.589941966813057661e-04 1.581913820700719953e-04
1.577131024532718584e-04 1.577049115439876914e-04 1.568929001223295927e-04
1.564313852213672362e-04 1.564665290061384439e-04 1.556461793370544910e-04
1.551998566355905496e-04 1.552758621983230114e-04 1.544479309814050794e-04
1.540159573778510094e-04 1.541302190162241459e-04 1.532953174319118261e-04
1.528772681922418997e-04 1.530261943116784096e-04 1.521845115348696709e-04
1.517812461315770634e-04 1.519604847999289632e-04 1.511119335191324353e-04
1.507254964963067323e-04 1.509291469119489193e-04 1.500729704275727272e-04
1.497074945291387849e-04 1.499295467510819435e-04 1.490647409809753299e-04
1.487247873228625394e-04 1.489594578742980957e-04 1.480849459767341614e-04
1.477747709941468202e-04 1.480193313909694552e-04 1.471344730816781521e-04
1.468550944991875440e-04 1.471109571866691113e-04 1.462164364056661725e-04
1.459637969674076885e-04 1.462347718188539147e-04 1.453331497032195330e-04
1.450993859180016443e-04 1.453900040360167623e-04 1.444850640837103128e-04
1.442607690478325821e-04 1.445731904823333025e-04 1.436680904589593410e-04
1.434467158105690032e-04 1.437806495232507586e-04 1.428772375220432878e-04
1.426557282684370875e-04 1.430081319995224476e-04 1.421066117472946644e-04
1.418856618329300545e-04 1.422535133315250278e-04 1.413538848282769322e-04
1.411345556334708817e-04 1.415168226230889559e-04 1.406199298799037933e-04
1.404007407472818159e-04 1.407962990924715996e-04 1.399028406012803316e-04
1.396830402882187627e-04 1.400899927830323577e-04 1.392004487570375204e-04
1.389800418110098690e-04 1.393979182466864586e-04 1.385132200084626675e-04
1.382906357321189716e-04 1.387180382153019309e-04 1.378387241857126355e-04
1.376136224280344322e-04 1.380504691042006016e-04 1.371775288134813309e-04
1.369483397866133600e-04 1.373946870444342494e-04 1.365290518151596189e-04
1.362937573503586464e-04 1.367495278827846050e-04 1.358919107588008046e-04
1.356494394713081419e-04 1.361155445920303464e-04 1.352669205516576767e-04
1.350149586869520135e-04 1.354919513687491417e-04 1.346531207673251629e-04
1.343906751571921632e-04 1.348788500763475895e-04 1.340504095423966646e-04
1.337769326710258611e-04 1.342736795777454972e-04 1.334558764938265085e-04
1.331749435848905705e-04 1.336723071290180087e-04 1.328646467300131917e-04
1.325871080553042702e-04 1.330652739852666855e-04 1.322657335549592972e-04
1.320164137723622844e-04 1.324375334661453962e-04 1.316419366048648953e-04
1.314657411057851277e-04 1.317704154644161463e-04 1.309708604821935296e-04
1.309353974647819996e-04 1.310639636358246207e-04 1.302481250604614615e-04
1.304161551161087118e-04 1.303756143897771835e-04 1.295284891966730356e-04
1.298811912420205772e-04 1.298162242164835334e-04 1.289267092943191528e-04
1.292896422455669381e-04 1.293924287892878056e-04 1.284656609641388059e-04
1.286132774112047628e-04 1.288751373067498207e-04 1.279392308788374066e-04
1.278710287806461565e-04 1.281473669223487377e-04 1.272366935154423118e-04
1.271373284907895140e-04 1.274267269764095545e-04 1.265495375264436007e-04
1.264830534637439996e-04 1.267944171559065580e-04 1.259347482118755579e-04
1.258786769540165551e-04 1.261811994481831789e-04 1.253351365448907018e-04
1.252713154826778919e-04 1.255768875125795603e-04 1.247476902790367603e-04
1.246786559931933880e-04 1.249877386726438999e-04 1.241744466824457049e-04
1.240969040736672468e-04 1.244199229404330254e-04 1.236251700902357697e-04
1.235326121786783915e-04 1.238882687175646424e-04 1.231155620189383626e-04
1.229923132086696569e-04 1.234242226928472519e-04 1.226790336659178138e-04
1.224920233653392643e-04 1.230877969646826386e-04 1.223780272994190454e-04
1.220578064931032714e-04 1.229340850841253996e-04 1.222662103828042746e-04
1.217372432620322797e-04 1.228167966473847628e-04 1.221841084770858288e-04
1.216419609590957407e-04 1.219708210555836558e-04 1.213242430821992457e-04
1.218173802044475451e-04 1.202386119985021651e-04 1.194685464724898338e-04
1.213051777995133307e-04 1.203380452352575958e-04 1.193899734062142670e-04
1.193692123706568964e-04 1.193937350763007998e-04 1.184816283057443798e-04
1.180672829832474235e-04 1.183806598419323564e-04 1.175453799078240991e-04
1.176959635813545901e-04 1.178182428702712059e-04 1.170557807199656963e-04
1.197095812131010462e-04 1.277824194403365254e-04 1.274522801395505667e-04
1.983277588806231506e-04 2.012857730733230710e-04 2.016896469285711646e-04
1.427347519893373828e-04 1.162769185611978173e-04 1.153793200501240790e-04
1.217788385474705137e-04 1.201171908178366721e-04 1.189695321954786777e-04
1.149223639913543593e-04 1.150392126874066889e-04 1.143468543887138367e-04
1.146484364653588273e-04 1.140225649578496814e-04 1.131947501562535763e-04
1.130969567384454422e-04 1.135189522756263614e-04 1.127863361034542322e-04
1.262110490642953664e-04 1.954392937477678061e-04 1.958123757503926754e-04
2.691240460990229622e-04 2.049722970696166158e-04 2.024225395871326327e-04
1.336473992523679044e-04 1.160128958872519433e-04 1.148971205111593008e-04
1.123260080930776894e-04 1.113850012188777328e-04 1.107197967940010130e-04
1.104938951357326005e-04 1.101907619158737361e-04 1.093771643354557455e-04
1.099580981644976418e-04 1.101826346712186933e-04 1.092758975573815405e-04
1.085621433958294801e-04 1.089914658223278821e-04 1.081723457900807261e-04
1.082037133528501727e-04 1.086742995539680123e-04 1.079789581126533449e-04
1.193833677461952902e-04 1.725930196698755026e-04 1.728571369312703609e-04
2.709594741645560134e-04 1.520060468465089798e-04 1.500495127402245998e-04
1.355205104118795134e-04 1.108033029595389962e-04 1.103333779610693455e-04
1.087274490600975696e-04 1.084640971384942532e-04 1.079338908311910927e-04
1.080720530808321200e-04 1.076533517334610224e-04 1.066314725903794169e-04
1.045603730744915083e-04 1.045440803864039481e-04 1.037947004078887403e-04
1.037382089634775184e-04 1.042983130901120603e-04 1.034287924994714558e-04
1.029880527312343474e-04 1.039387134369462729e-04 1.030427447403781116e-04
1.051169665515772067e-04 1.232003851328045130e-04 1.216945238411426544e-04
3.906223828380461782e-04 1.558140211272984743e-04 1.537917414680123329e-04
1.918661755553330295e-04 1.248980843229219317e-04 1.247844193130731583e-04
1.288084449697635137e-04 1.207612440339289606e-04 1.206352317240089178e-04
1.061751286215439904e-04 1.015217494568787515e-04 1.009346742648631334e-04
1.000576858132262714e-04 9.981700713979080319e-05 9.914869588101282716e-05
9.872004193312022835e-05 9.951681568054482341e-05 9.887180931400507689e-05
9.852781386143760756e-05 9.856111137196421623e-05 9.787883755052462220e-05
9.849913976722746156e-05 9.781711560208350420e-05 9.698356006992980838e-05
9.731790942169027403e-05 9.774902719072997570e-05 9.685395343694835901e-05
9.607238962416886352e-05 9.652150038164108992e-05 9.571529517415910959e-05
9.551489256409695372e-05 9.605450031813234091e-05 9.522228356217965484e-05
9.486495946475770324e-05 9.555233555147424340e-05 9.470753866480663419e-05
9.479902973907883279e-05 9.903014870360493660e-05 9.794591460376977921e-05
3.060920453208382241e-04 1.066257827915251255e-03 1.058447640389204025e-03
3.533794433678849600e-04 1.589032763149589300e-04 1.567854487802833319e-04
1.207195568895258475e-04 1.135510101448744535e-04 1.134149497374892235e-04
1.011894319162820466e-04 9.344296267954632640e-05 9.285361738875508308e-05
9.227844429915421642e-05 9.155752195511013269e-05 9.075729758478701115e-05
9.047880303114652634e-05 9.095996210817247629e-05 9.023019083542749286e-05
9.005659239846863784e-05 9.080726886168122292e-05 9.014123497763648629e-05
8.992353014036780223e-05 9.021197911351919174e-05 8.954085933510214090e-05
8.982174313132418320e-05 8.925084694055840373e-05 8.847609569784253836e-05
8.903769821699825116e-05 8.933102071750909090e-05 8.845189586281776428e-05
8.777179527896805666e-05 8.823444659356027842e-05 8.742797945160418749e-05
8.717979153516353108e-05 8.786920079728588462e-05 8.703105413587763906e-05
8.662126720082596876e-05 8.748491381993517280e-05 8.662776235723868012e-05
8.766004430071916431e-05 9.741245594341307878e-05 9.615444287192076445e-05
3.590203996282070875e-04 7.307571358978748322e-04 7.247261237353086472e-04
2.379675206611864269e-04 1.234389346791431308e-04 1.217146782437339425e-04
1.045958101713040378e-04 8.926530426833778620e-05 8.882038673618808389e-05
9.077879985852632672e-05 9.005973697640001774e-05 8.963964501162990928e-05
8.589585377194453031e-05 8.627740317024290562e-05 8.575009997002780437e-05
8.398187810598756187e-05 8.431365131400525570e-05 8.371575677301734686e-05
8.335938582604285330e-05 8.260097820311784744e-05 8.188538049580529332e-05
8.258240222858148627e-05 8.253701525973156095e-05 8.168209751602262259e-05
8.119063431877293624e-05 8.165842882590368390e-05 8.085260196821764112e-05
8.054042109506553970e-05 8.119612175505608320e-05 8.038409578148275614e-05
8.000061416169046424e-05 8.066871669143438339e-05 7.986249693203717470e-05
7.966588054841849953e-05 8.135202369885519147e-05 8.043942216318100691e-05
1.206425527016108390e-04 3.992048150394111872e-04 3.951675025746226311e-04
5.101666065456811339e-04 8.933951903600245714e-05 8.902126137400045991e-05
1.335001943516544998e-04 1.220286503667011857e-04 1.203283391078002751e-04
8.805762217889423482e-05 7.793804979883134365e-05 7.725040632067248225e-05
