5.319720664992928505e-01 2.232336550951004028e-01 2.242713123559951782e-01
1.914654867723584175e-01 1.589632034301757812e-01 1.595191508531570435e-01
1.373565602116286755e-01 1.184514239430427551e-01 1.183790042996406555e-01
1.130684530362486839e-01 1.061457544565200806e-01 1.059781387448310852e-01
9.947744477540254593e-02 9.112772345542907715e-02 9.099851548671722412e-02
8.345336746424436569e-02 7.378500699996948242e-02 7.373313605785369873e-02
6.460801255889236927e-02 5.335861817002296448e-02 5.334541946649551392e-02
4.315547901205718517e-02 3.158234804868698120e-02 3.161774575710296631e-02
2.262040658388286829e-02 1.374551095068454742e-02 1.380064059048891068e-02
8.830830396618694067e-03 4.985926672816276550e-03 5.023440346121788025e-03
3.746988164493814111e-03 2.973905997350811958e-03 2.988143358379602432e-03
2.703300779103301466e-03 2.433636225759983063e-03 2.442709635943174362e-03
2.284367059473879635e-03 2.138518961146473885e-03 2.149477833881974220e-03
2.080551668768748641e-03 2.000129781663417816e-03 2.011454897001385689e-03
1.961364025191869587e-03 1.888697734102606773e-03 1.899086404591798782e-03
1.855803871876560152e-03 1.791378599591553211e-03 1.800907077267765999e-03
1.757670543156564236e-03 1.703396439552307129e-03 1.712193479761481285e-03
1.666012052737642080e-03 1.617359928786754608e-03 1.625190256163477898e-03
1.581220894877333194e-03 1.535722520202398300e-03 1.542518381029367447e-03
1.502161183452699333e-03 1.459947787225246429e-03 1.465836074203252792e-03
1.427242270438000560e-03 1.387650612741708755e-03 1.392647274769842625e-03
1.356346525426488370e-03 1.319231581874191761e-03 1.323405187577009201e-03
1.289116888074204326e-03 1.254176022484898567e-03 1.257564639672636986e-03
1.225468942720908672e-03 1.192431664094328880e-03 1.195078250020742416e-03
1.165308582130819559e-03 1.133838901296257973e-03 1.135774422436952591e-03
1.108586984628345817e-03 1.078399131074547768e-03 1.079642912372946739e-03
1.055225351592525840e-03 1.026435871608555317e-03 1.027000020258128643e-03
1.005026191705837846e-03 9.785557631403207779e-04 9.784601861611008644e-04
9.576677330187521875e-04 9.346050210297107697e-04 9.339067037217319012e-04
9.128694400715176016e-04 8.925230940803885460e-04 8.913363562896847725e-04
8.705432264832779765e-04 8.512412896379828453e-04 8.497093804180622101e-04
8.308663855132181197e-04 8.134116069413721561e-04 8.116040844470262527e-04
7.944515818962827325e-04 7.792202522978186607e-04 7.770942756906151772e-04
7.613084089825861156e-04 7.475822931155562401e-04 7.451515994034707546e-04
7.306693005375564098e-04 7.183999987319111824e-04 7.157268701121211052e-04
7.024541628197766840e-04 6.914560217410326004e-04 6.885656621307134628e-04
6.764756471966393292e-04 6.666855188086628914e-04 6.636222242377698421e-04
6.526199831569101661e-04 6.439656135626137257e-04 6.407684995792806149e-04
6.307372786977794021e-04 6.232581217773258686e-04 6.199685158208012581e-04
6.107073240855243057e-04 6.045872578397393227e-04 6.012471276335418224e-04
5.924047327425796539e-04 5.879127420485019684e-04 5.845571868121623993e-04
5.756825084972660989e-04 5.727023817598819733e-04 5.693438579328358173e-04
5.603415884252171963e-04 5.575488321483135223e-04 5.541591672226786613e-04
5.460389365907758474e-04 5.414836341515183449e-04 5.379989161156117916e-04
5.322405486367642879e-04 5.261944606900215149e-04 5.225704517215490341e-04
5.187059687159489840e-04 5.135498358868062496e-04 5.098290275782346725e-04
5.061207448306959122e-04 5.022524856030941010e-04 4.985443665646016598e-04
4.950259644829202443e-04 4.916882026009261608e-04 4.880157066509127617e-04
4.849414599448209628e-04 4.818280867766588926e-04 4.781705792993307114e-04
4.755941808980423957e-04 4.725764156319200993e-04 4.689470515586435795e-04
4.669904919865075499e-04 4.640045808628201485e-04 4.603886336553841829e-04
4.592013701767427847e-04 4.564749251585453749e-04 4.528473364189267159e-04
4.522637573245447129e-04 4.511541337706148624e-04 4.474775923881679773e-04
4.458243438421050087e-04 4.490328719839453697e-04 4.452926223166286945e-04
4.393343806441407651e-04 4.459576448425650597e-04 4.422129422891885042e-04
4.329156836320180446e-04 4.355348646640777588e-04 4.319020954426378012e-04
4.260252117092022672e-04 4.219347611069679260e-04 4.185085417702794075e-04
4.173487486696103588e-04 4.133672628086060286e-04 4.100915393792092800e-04
4.095054246135987341e-04 4.109583969693630934e-04 4.076109325978904963e-04
4.124539336771704257e-04 4.238576802890747786e-04 4.203205462545156479e-04
4.084684478584676981e-04 3.946227370761334896e-04 3.915459092240780592e-04
3.903786655428120866e-04 3.920812450814992189e-04 3.889410290867090225e-04
4.222647221467923373e-04 4.281339934095740318e-04 4.246574826538562775e-04
3.934817759727593511e-04 3.920593007933348417e-04 3.889129438903182745e-04
3.824417508440092206e-04 3.719584783539175987e-04 3.690648300107568502e-04
3.701515634020324796e-04 3.664590476546436548e-04 3.636506444308906794e-04
3.628977810876676813e-04 3.642200899776071310e-04 3.613581066019833088e-04
3.766085283132269979e-04 4.079284262843430042e-04 4.047754628118127584e-04
3.740953306987648830e-04 3.530298417899757624e-04 3.505357017274945974e-04
3.474636214377824217e-04 3.523160994518548250e-04 3.495680866762995720e-04
3.616333069658139721e-04 3.721342072822153568e-04 3.692484460771083832e-04
3.487395460979314521e-04 3.342304262332618237e-04 3.317514783702790737e-04
3.307965362182585523e-04 3.316065995022654533e-04 3.290796885266900063e-04
3.931409828510368243e-04 4.493903252296149731e-04 4.464955418370664120e-04
3.550902874849271029e-04 3.535969008225947618e-04 3.509963571559637785e-04
3.277195482951356098e-04 3.250559093430638313e-04 3.225880791433155537e-04
3.167020222463179380e-04 3.100774192716926336e-04 3.077482688240706921e-04
3.081593913520919159e-04 3.036308917216956615e-04 3.014088142663240433e-04
3.008582207257859409e-04 3.009978972841054201e-04 2.987488405779004097e-04
3.040671144844964147e-04 3.230709116905927658e-04 3.207225236110389233e-04
3.458334867900703102e-04 2.898710663430392742e-04 2.877066144719719887e-04
2.945489286503288895e-04 2.854804624803364277e-04 2.833885664585977793e-04
2.899680348491529003e-04 2.835170598700642586e-04 2.814041799865663052e-04
2.784754051390336826e-04 2.801010850816965103e-04 2.780296199489384890e-04
3.387598790141055360e-04 4.016693565063178539e-04 3.995464649051427841e-04
3.030327061424031854e-04 2.667221706360578537e-04 2.647555666044354439e-04
2.722053177421912551e-04 2.620288287289440632e-04 2.602011372800916433e-04
2.570690394350094721e-04 2.563077723607420921e-04 2.544229209888726473e-04
2.522436952858697623e-04 2.504535659682005644e-04 2.486098383087664843e-04
2.608565137052210048e-04 3.189572307746857405e-04 3.171232820022851229e-04
3.488863449092605151e-04 2.874861529562622309e-04 2.858590451069176197e-04
2.501457229300285690e-04 2.353427116759121418e-04 2.336328325327485800e-04
2.338680678803939372e-04 2.337181067559868097e-04 2.320025087101384997e-04
2.300139858562033623e-04 2.258837339468300343e-04 2.242049085907638073e-04
2.227855738965445198e-04 2.217314904555678368e-04 2.200734015787020326e-04
2.408741693216143176e-04 3.533958224579691887e-04 3.519607125781476498e-04
3.773148073378251866e-04 2.357899793423712254e-04 2.341310610063374043e-04
2.294907462783157825e-04 2.076438540825620294e-04 2.060299884760752320e-04
2.105335879605263472e-04 2.034345961874350905e-04 2.018474042415618896e-04
2.029195220529800281e-04 1.988034055102616549e-04 1.972410973394289613e-04
1.967109137694933452e-04 1.945023541338741779e-04 1.929569843923673034e-04
1.915238435685751028e-04 1.902428630273789167e-04 1.887233229354023933e-04
1.880012705441913567e-04 1.884529337985441089e-04 1.869730185717344284e-04
2.312788983545033261e-04 3.954398853238672018e-04 3.945783246308565140e-04
3.105022478848695755e-04 1.868230319814756513e-04 1.852292334660887718e-04
1.925709912029560655e-04 1.774488919181749225e-04 1.759084552759304643e-04
1.740559864629176445e-04 1.708549389149993658e-04 1.693328085821121931e-04
1.670822803134797141e-04 1.657515531405806541e-04 1.642775168875232339e-04
1.630892902539926581e-04 1.619888789718970656e-04 1.605067373020574450e-04
1.592188473296118900e-04 1.583409903105348349e-04 1.568801235407590866e-04
1.598848757566884160e-04 1.833482820075005293e-04 1.821261830627918243e-04
3.675097814266337082e-04 2.286039525642991066e-04 2.268624957650899887e-04
2.106614847434684634e-04 1.784907508408650756e-04 1.768219226505607367e-04
1.538697888463502750e-04 1.462006039218977094e-04 1.446439709980040789e-04
1.428530486009549350e-04 1.411678385920822620e-04 1.396749139530584216e-04
1.396168281644349918e-04 1.380351604893803596e-04 1.365362113574519753e-04
1.366081442029098980e-04 1.353786356048658490e-04 1.338318834314122796e-04
1.328635889876750298e-04 1.322321477346122265e-04 1.306910562561824918e-04
1.298440129176015034e-04 1.296225673286244273e-04 1.280590804526582360e-04
1.276035609407699667e-04 1.292771776206791401e-04 1.276426337426528335e-04
1.909457796500646509e-04 4.511592269409447908e-04 4.490486462600529194e-04
2.944249845313606784e-04 1.219340047100558877e-04 1.203892243211157620e-04
1.406204373779473826e-04 1.193766292999498546e-04 1.178139573312364519e-04
1.202799257953302003e-04 1.182667620014399290e-04 1.167417503893375397e-04
1.155644195023342036e-04 1.153842604253441095e-04 1.138216321123763919e-04
1.140876520366873592e-04 1.139184314524754882e-04 1.122328467317856848e-04
1.110564603550301399e-04 1.110938537749461830e-04 1.094496547011658549e-04
1.093785335797292646e-04 1.106938507291488349e-04 1.089684737962670624e-04
1.203090182571031619e-04 1.716327096801251173e-04 1.695075770840048790e-04
2.836544813362706918e-04 1.489796413807198405e-04 1.478226622566580772e-04
1.565187185406102799e-04 1.060773793142288923e-04 1.044830059981904924e-04
1.180056442535715178e-04 1.030705461744219065e-04 1.013496512314304709e-04
1.068970987034845166e-04 1.036012108670547605e-04 1.017913236864842474e-04
1.013219361993833445e-04 1.017245522234588861e-04 9.992202103603631258e-05
9.887603937386302277e-05 9.938182483892887831e-05 9.763507114257663488e-05
9.775321314009488560e-05 9.908174979500472546e-05 9.727426368044689298e-05
1.002104922918078955e-04 1.127081995946355164e-04 1.106784111470915377e-04
2.487230690348951612e-04 3.027713974006474018e-04 3.001829609274864197e-04
1.447875579287938308e-04 1.175026263808831573e-04 1.154024503193795681e-04
1.028847500492702238e-04 9.483140456723049283e-05 9.309225424658507109e-05
9.385669727635104209e-05 9.381365816807374358e-05 9.204918751493096352e-05
9.295534664488513954e-05 9.423064329894259572e-05 9.235315519617870450e-05
9.260385286324890330e-05 9.455785038881003857e-05 9.264489199267700315e-05
1.000627612484095152e-04 1.301470911130309105e-04 1.279111456824466586e-04
2.632761088534607552e-04 1.063374584191478789e-04 1.041977229760959744e-04
1.319559478361043148e-04 1.154329511336982250e-04 1.132706238422542810e-04
9.630457589082652703e-05 9.463301103096455336e-05 9.264120308216661215e-05
8.942284148361068219e-05 8.952127245720475912e-05 8.769990381551906466e-05
8.838708481562207453e-05 8.974351658252999187e-05 8.785572572378441691e-05
8.774901561992010102e-05 8.912061457522213459e-05 8.724296640139073133e-05
8.991387630885583349e-05 1.008159888442605734e-04 9.873162343865260482e-05
2.459651450408273377e-04 3.775190562009811401e-04 3.747796290554106236e-04
1.535327860437973868e-04 1.114195474656298757e-04 1.092445454560220242e-04
9.724447409098502249e-05 8.708774839760735631e-05 8.526186138624325395e-05
8.660645016789203510e-05 8.724549843464046717e-05 8.547985635232180357e-05
8.634490950498729944e-05 8.796190377324819565e-05 8.604335016570985317e-05
8.526218607585178688e-05 8.630299271317198873e-05 8.444653940387070179e-05
8.550627444492420182e-05 8.963810978457331657e-05 8.767491090111434460e-05
1.444941385670972522e-04 3.567928506527096033e-04 3.541518235579133034e-04
2.610254450701177120e-04 1.272893423447385430e-04 1.259822165593504906e-04
1.008182412078895140e-04 9.964764467440545559e-05 9.813878568820655346e-05
8.866664938977919519e-05 8.519658877048641443e-05 8.344464004039764404e-05
8.620394419267540798e-05 8.700574835529550910e-05 8.508447353960946202e-05
8.345933247255743481e-05 8.420220547122880816e-05 8.238870213972404599e-05
8.328593548867502250e-05 8.568088378524407744e-05 8.378991333302110434e-05
8.949051925810636021e-05 1.111117599066346884e-04 1.089803845388814807e-04
2.629727259773062542e-04 1.885859383037313819e-04 1.861691707745194435e-04
1.243136607627093326e-04 1.151912001660093665e-04 1.130561140598729253e-04
8.989934576675295830e-05 8.369676652364432812e-05 8.184431499103084207e-05
8.244900800491450354e-05 8.301664638565853238e-05 8.127688488457351923e-05
8.207844621210824698e-05 8.382434316445142031e-05 8.197680290322750807e-05
8.192367522497079335e-05 8.353570592589676380e-05 8.169622742570936680e-05
8.631025684735504910e-05 1.053918458637781441e-04 1.033319640555419028e-04
2.857447943824809045e-04 2.104729937855154276e-04 2.080769918393343687e-04
1.351499417978629936e-04 1.159168023150414228e-04 1.138212974183261395e-04
8.965239612734876573e-05 8.706316293682903051e-05 8.514218643540516496e-05
8.148915048877825029e-05 8.180634904420003295e-05 8.002096001291647553e-05
8.022859083212097175e-05 8.130507922032848001e-05 7.954794273246079683e-05
8.008206123122363351e-05 8.152591180987656116e-05 7.974902837304398417e-05
8.037630141188856214e-05 8.278519817395135760e-05 8.096871897578239441e-05
9.366296399093698710e-05 1.461109786760061979e-04 1.439643092453479767e-04
2.867154103114444297e-04 9.628744010115042329e-05 9.481334564043208957e-05
1.380717326355807018e-04 8.050273754633963108e-05 7.875886512920260429e-05
9.436773007109877653e-05 8.074651850620284677e-05 7.897903560660779476e-05
8.401431932725245133e-05 8.217008144129067659e-05 8.037244697334244847e-05
7.997245802471297793e-05 8.093159704003483057e-05 7.916668982943519950e-05
7.874430866650072858e-05 7.969580474309623241e-05 7.798879232723265886e-05
7.856096954128588550e-05 8.018988592084497213e-05 7.845008076401427388e-05
8.079617691691964865e-05 8.950003393692895770e-05 8.763594087213277817e-05
2.104209247590915766e-04 4.480494244489818811e-04 4.457537725102156401e-04
1.834975546444184147e-04 8.045767754083499312e-05 7.869325054343789816e-05
9.214064721163595095e-05 8.381616498809307814e-05 8.227486978285014629e-05
7.990260201040655375e-05 7.925737008918076754e-05 7.763893518131226301e-05
7.916719550848938525e-05 8.049372263485565782e-05 7.875220035202801228e-05
7.770869387968559749e-05 7.844287756597623229e-05 7.677433313801884651e-05
7.740981527604162693e-05 7.953472959343343973e-05 7.781999011058360338e-05
9.924137702910229564e-05 2.012735349126160145e-04 1.991800090763717890e-04
3.277737273492675740e-04 2.283070643898099661e-04 2.276066516060382128e-04
1.240659271388722118e-04 1.086761330952867866e-04 1.073778039426542819e-04
8.645493790027103387e-05 8.512828208040446043e-05 8.366635302081704140e-05
7.982568286024616100e-05 7.841463957447558641e-05 7.685132004553452134e-05
7.870536774134961888e-05 7.802816980984061956e-05 7.636460213689133525e-05
7.694041187278344296e-05 7.796560385031625628e-05 7.630712934769690037e-05
7.629950141563313082e-05 7.721865404164418578e-05 7.559103687526658177e-05
7.612767285536392592e-05 7.785002526361495256e-05 7.620025280630216002e-05
8.564968720747856423e-05 1.272104273084551096e-04 1.253131194971501827e-04
3.199057491656276397e-04 8.755383896641433239e-05 8.614099351689219475e-05
1.487777440161153208e-04 8.813892782200127840e-05 8.672424155520275235e-05
9.618112380849197507e-05 8.748676918912678957e-05 8.610093209426850080e-05
8.265935184681438841e-05 7.974665641086176038e-05 7.828747038729488850e-05
7.881583405833225697e-05 7.614973583258688450e-05 7.460257620550692081e-05
7.720696748947375454e-05 7.717189146205782890e-05 7.556025229860097170e-05
7.537418150604935363e-05 7.617241499247029424e-05 7.459510379703715444e-05
7.500213769162655808e-05 7.605046266689896584e-05 7.448044925695285201e-05
7.498427612517843954e-05 7.697466935496777296e-05 7.538430509157478809e-05
9.071673457583528943e-05 1.588911400176584721e-04 1.570307358633726835e-04
3.081681838921213057e-04 1.566997379995882511e-04 1.557850046083331108e-04
1.360571932309539989e-04 9.591874550096690655e-05 9.463498281547799706e-05
9.091355968848802149e-05 8.248934318544343114e-05 8.112096838885918260e-05
8.040999318836838938e-05 7.571280002593994141e-05 7.425124204019084573e-05
7.733078700766782276e-05 7.555023330496624112e-05 7.400249887723475695e-05
7.484319667128147557e-05 7.585128332721069455e-05 7.430105324601754546e-05
7.381546765827806666e-05 7.458789332304149866e-05 7.308452040888369083e-05
7.365072269749362022e-05 7.526380068156868219e-05 7.373087282758206129e-05
7.855305329940165393e-05 9.765319555299356580e-05 9.596906602382659912e-05
2.883603619920904748e-04 2.148700004909187555e-04 2.129581553163006902e-04
1.306103822571458295e-04 1.048275444190949202e-04 1.031203501042909920e-04
8.260251979663735256e-05 7.894273585407063365e-05 7.734219252597540617e-05
7.447629513990250416e-05 7.494231977034360170e-05 7.342057506320998073e-05
7.301317873498192057e-05 7.388585072476416826e-05 7.239631668198853731e-05
7.277476197486976162e-05 7.390831888187676668e-05 7.241605635499581695e-05
7.275858934008283541e-05 7.424905197694897652e-05 7.274717791005969048e-05
7.661365179956192151e-05 9.195136954076588154e-05 9.032127127284184098e-05
2.734433924160839524e-04 2.973616064991801977e-04 2.954870578832924366e-04
1.325401153735583648e-04 1.113811013055965304e-04 1.096978303394280374e-04
8.130173546305741183e-05 7.751517114229500294e-05 7.595376519020646811e-05
7.295216164493467659e-05 7.297333650058135390e-05 7.151726458687335253e-05
7.197255445134942420e-05 7.284290768438950181e-05 7.138750515878200531e-05
7.185868889791890979e-05 7.309468492167070508e-05 7.162612746469676495e-05
7.235207112898933701e-05 7.479782652808353305e-05 7.329897925956174731e-05
8.811402949504554272e-05 1.473135198466479778e-04 1.456110185245051980e-04
2.727775013227073941e-04 9.686101111583411694e-05 9.570943802827969193e-05
1.266071017198555637e-04 7.233352516777813435e-05 7.090349390637129545e-05
8.598990370956016704e-05 7.246187306009232998e-05 7.100501534296199679e-05
7.607890438521280885e-05 7.429021934513002634e-05 7.280276622623205185e-05
7.205967222034814768e-05 7.288761116797104478e-05 7.142982212826609612e-05
7.102895824573352002e-05 7.173453923314809799e-05 7.031219865893945098e-05
7.085034758347319439e-05 7.243114669108763337e-05 7.098455535015091300e-05
7.518976417486555874e-05 9.094428969547152519e-05 8.937967504607513547e-05
2.560521138548210729e-04 2.846689603757113218e-04 2.828987198881804943e-04
