4.423166662454605103e-01 2.855401039123535156e-01 2.862410545349121094e-01
2.247988777235150337e-01 1.745903193950653076e-01 1.747984886169433594e-01
1.554445913061499596e-01 1.298584192991256714e-01 1.298070847988128662e-01
1.159654851071536541e-01 1.026003286242485046e-01 1.027268916368484497e-01
9.694444248452782631e-02 8.971994370222091675e-02 8.976327627897262573e-02
8.467115927487611771e-02 7.701020687818527222e-02 7.704979926347732544e-02
7.086603576317429543e-02 6.244797259569168091e-02 6.247073784470558167e-02
5.535110319033265114e-02 4.622729122638702393e-02 4.622559994459152222e-02
3.848748165182769299e-02 2.934695966541767120e-02 2.933763153851032257e-02
2.221385616576299071e-02 1.471705455332994461e-02 1.470894739031791687e-02
9.992820123443379998e-03 5.849795881658792496e-03 5.852509289979934692e-03
4.109952016733586788e-03 2.936402335762977600e-03 2.945953747257590294e-03
2.665912645170465112e-03 2.497207839041948318e-03 2.505826298147439957e-03
2.436251394101418555e-03 2.356005134060978889e-03 2.360815182328224182e-03
2.309167059138417244e-03 2.256690058857202530e-03 2.258716849610209465e-03
2.228927813121117651e-03 2.198637230321764946e-03 2.199166454374790192e-03
2.177774935262277722e-03 2.157009206712245941e-03 2.156642964109778404e-03
2.137220901204273105e-03 2.121576573699712753e-03 2.120532561093568802e-03
2.101335077895782888e-03 2.087770262733101845e-03 2.086159307509660721e-03
2.067764187813736498e-03 2.055341145023703575e-03 2.053323434665799141e-03
2.035696015809662640e-03 2.024623798206448555e-03 2.022395841777324677e-03
2.004681839025579393e-03 1.994677353650331497e-03 1.992337638512253761e-03
1.974264872842468321e-03 1.965041970834136009e-03 1.962626818567514420e-03
1.944275994901545346e-03 1.935778418555855751e-03 1.933328574523329735e-03
1.914633117849007249e-03 1.906692748889327049e-03 1.904230564832687378e-03
1.885219578980468214e-03 1.877731992863118649e-03 1.875277026556432247e-03
1.855957474617753178e-03 1.848820131272077560e-03 1.846387982368469238e-03
1.826772138883825392e-03 1.819906290620565414e-03 1.817511161789298058e-03
1.797598924895282835e-03 1.790948212146759033e-03 1.788602909073233604e-03
1.768382229784037918e-03 1.761907828040421009e-03 1.759625738486647606e-03
1.739073188218753785e-03 1.732754986733198166e-03 1.730548217892646790e-03
1.709629621473141015e-03 1.703472342342138290e-03 1.701355213299393654e-03
1.680013629083987325e-03 1.674056868068873882e-03 1.672045094892382622e-03
1.650191661610733718e-03 1.644521020352840424e-03 1.642629969865083694e-03
1.620133094547782093e-03 1.614850014448165894e-03 1.613092608749866486e-03
1.589811734447721392e-03 1.584929879754781723e-03 1.583306351676583290e-03
1.559208554681390524e-03 1.554495538584887981e-03 1.552990172058343887e-03
1.528313732706010342e-03 1.523320213891565800e-03 1.521903905086219311e-03
1.497125420428346843e-03 1.491563278250396252e-03 1.490215421654284000e-03
1.465658941015135497e-03 1.459643477573990822e-03 1.458372804336249828e-03
1.433945697499439120e-03 1.427711336873471737e-03 1.426541362889111042e-03
1.402014771883841604e-03 1.395602012053132057e-03 1.394540071487426758e-03
1.369869969494175166e-03 1.363239716738462448e-03 1.362285111099481583e-03
1.337513356702402234e-03 1.330710249021649361e-03 1.329866587184369564e-03
1.304979356063995510e-03 1.298028044402599335e-03 1.297296024858951569e-03
1.272302630241028965e-03 1.265234081074595451e-03 1.264615450054407120e-03
1.239522884134203196e-03 1.232385518960654736e-03 1.231881207786500454e-03
1.206689521495718509e-03 1.199551392346620560e-03 1.199162332341074944e-03
1.173860531707759947e-03 1.166829140856862068e-03 1.166557194665074348e-03
1.141104636189993471e-03 1.134341349825263023e-03 1.134189660660922527e-03
1.108502423448953778e-03 1.102255308069288731e-03 1.102228066883981228e-03
1.076144282706081867e-03 1.070756232365965843e-03 1.070857513695955276e-03
1.044126176566351205e-03 1.039978931657969952e-03 1.040210947394371033e-03
1.012533561151940376e-03 1.009755302220582962e-03 1.010107691399753094e-03
9.814068398554809391e-04 9.792203782126307487e-04 9.796578669920563698e-04
9.506820097158197314e-04 9.468533098697662354e-04 9.473009267821907997e-04
9.201237153320107609e-04 9.121982729993760586e-04 9.125547949224710464e-04
8.894145394151564687e-04 8.779917261563241482e-04 8.781914366409182549e-04
8.586304684286005795e-04 8.470888715237379074e-04 8.471690234728157520e-04
8.285759613499976695e-04 8.185174665413796902e-04 8.185834158211946487e-04
8.000720881682354957e-04 7.911779684945940971e-04 7.912749424576759338e-04
7.731835758022498339e-04 7.647547754459083080e-04 7.648494211025536060e-04
7.475070087821222842e-04 7.394712883979082108e-04 7.395580760203301907e-04
7.229918955999892205e-04 7.154364138841629028e-04 7.155149360187351704e-04
6.998013741394970566e-04 6.926491623744368553e-04 6.927109207026660442e-04
6.779454124625772238e-04 6.711839232593774796e-04 6.712244357913732529e-04
6.575070656253956258e-04 6.510493112727999687e-04 6.510623497888445854e-04
6.385405285982415080e-04 6.322251865640282631e-04 6.322024855762720108e-04
6.211311410879716277e-04 6.146377418190240860e-04 6.145668448880314827e-04
6.053665601939428598e-04 5.981746944598853588e-04 5.980333662591874599e-04
5.913126733503304422e-04 5.829553701914846897e-04 5.827083368785679340e-04
5.788728012703359127e-04 5.701602203771471977e-04 5.697612650692462921e-04
5.675012689607683569e-04 5.624958430416882038e-04 5.619133589789271355e-04
5.561505640798714012e-04 5.598468123935163021e-04 5.591039080172777176e-04
5.441210632852744311e-04 5.525462911464273930e-04 5.517324316315352917e-04
5.318809380696620792e-04 5.359424394555389881e-04 5.351556465029716492e-04
5.206484638620167971e-04 5.225526401773095131e-04 5.217873840592801571e-04
5.117395157867576927e-04 5.152029916644096375e-04 5.143854068592190742e-04
5.045630532549694180e-04 5.079004331491887569e-04 5.070408224128186703e-04
4.981040874554309994e-04 5.023014382459223270e-04 5.013835616409778595e-04
4.925537450617412105e-04 4.979992518201470375e-04 4.970163572579622269e-04
4.879334883298724890e-04 4.960935912095010281e-04 4.950326401740312576e-04
4.845804596698144451e-04 4.970516893081367016e-04 4.959070356562733650e-04
4.828764867852441967e-04 4.967939457856118679e-04 4.955889889970421791e-04
4.834671963180880994e-04 4.811658000107854605e-04 4.799993475899100304e-04
4.831184978684177622e-04 4.683539737015962601e-04 4.674386582337319851e-04
4.698447210103040561e-04 4.680348502006381750e-04 4.671723290812224150e-04
4.608395120158093050e-04 4.609618044923990965e-04 4.599837120622396469e-04
4.592322329699527472e-04 4.720262077171355486e-04 4.712425870820879936e-04
7.113544834282947704e-04 1.331102568656206131e-03 1.334641245193779469e-03
6.679683265247149393e-04 4.594204074237495661e-04 4.584601556416600943e-04
4.611857002601027489e-04 4.589021264109760523e-04 4.575055791065096855e-04
4.516910885286051780e-04 4.425243532750755548e-04 4.413477145135402679e-04
4.416718311404110864e-04 4.407526575960218906e-04 4.396074800752103329e-04
4.458676066860789433e-04 4.712874942924827337e-04 4.704960447270423174e-04
6.527134282805491239e-04 1.047229627147316933e-03 1.049297163262963295e-03
6.003660655551357195e-04 4.819919704459607601e-04 4.804264754056930542e-04
4.563159509416436777e-04 4.288833006285130978e-04 4.276765394024550915e-04
4.276003000995842740e-04 4.219359543640166521e-04 4.206218000035732985e-04
4.350917188276071101e-04 4.858123138546943665e-04 4.851286066696047783e-04
7.409600366372615099e-04 8.535611559636890888e-04 8.546578465029597282e-04
5.123867267684545368e-04 4.129427834413945675e-04 4.116069758310914040e-04
4.254938630765536800e-04 4.118821816518902779e-04 4.104098479729145765e-04
4.115497849852545187e-04 4.127329739276319742e-04 4.115084884688258171e-04
4.338331491453573108e-04 5.046699661761522293e-04 5.041119875386357307e-04
7.079943206917960197e-04 6.514502456411719322e-04 6.515965214930474758e-04
4.582327874231850728e-04 3.949927922803908587e-04 3.935247077606618404e-04
4.137319720030063763e-04 3.972248232457786798e-04 3.959460009355098009e-04
3.881967186316614971e-04 3.873538807965815067e-04 3.859310236293822527e-04
4.042132259201025590e-04 5.097575485706329346e-04 5.092684878036379814e-04
9.899272081383969635e-04 4.048173723276704550e-04 4.032203287351876497e-04
5.295438222674420103e-04 3.862301819026470184e-04 3.846412582788616419e-04
4.084056417923420668e-04 3.802089777309447527e-04 3.786417073570191860e-04
3.825181192951276898e-04 3.691478050313889980e-04 3.676583874039351940e-04
3.716237879416439682e-04 3.679234650917351246e-04 3.665581753011792898e-04
3.623676821007393301e-04 3.634065506048500538e-04 3.620336938183754683e-04
3.607337766879936680e-04 3.642687806859612465e-04 3.629586717579513788e-04
3.775873974518617615e-04 4.450184351298958063e-04 4.442837089300155640e-04
7.449711047229357064e-04 6.493473192676901817e-04 6.495594279840588570e-04
4.311554275773232803e-04 3.764838911592960358e-04 3.753733763005584478e-04
3.595569560275180265e-04 3.488530055619776249e-04 3.472751704975962639e-04
3.445023558015236631e-04 3.511296235956251621e-04 3.498812729958444834e-04
3.418139331188285723e-04 3.478049766272306442e-04 3.465675399638712406e-04
4.271155830792849883e-04 7.269973866641521454e-04 7.276578107848763466e-04
6.670505281363148242e-04 4.300970467738807201e-04 4.285072209313511848e-04
3.855603463307488710e-04 3.519546880852431059e-04 3.508648951537907124e-04
3.204306194675154984e-04 3.130593686364591122e-04 3.116260631941258907e-04
3.191179202985949814e-04 3.245901607442647219e-04 3.233544994145631790e-04
3.310677457193378359e-04 3.835071111097931862e-04 3.826923202723264694e-04
6.309529180725803599e-04 7.136065978556871414e-04 7.142930990085005760e-04
3.891526957886526361e-04 2.930124173872172832e-04 2.915151999332010746e-04
3.103391627519158646e-04 2.872564364224672318e-04 2.857857907656580210e-04
2.861318589566508308e-04 2.863205445464700460e-04 2.849836600944399834e-04
3.122061789326835424e-04 3.901139425579458475e-04 3.895018598996102810e-04
5.682137434632750228e-04 5.020432290621101856e-04 5.019518430344760418e-04
3.221407278033439070e-04 2.706280210986733437e-04 2.691077243071049452e-04
2.858468797057867050e-04 2.815121551975607872e-04 2.803650277201086283e-04
2.605981408123625442e-04 2.579068532213568687e-04 2.565867325756698847e-04
3.018385414179647341e-04 5.051990156061947346e-04 5.053183995187282562e-04
7.088897818903205916e-04 3.151560376863926649e-04 3.135807346552610397e-04
3.301800788904074579e-04 2.542596776038408279e-04 2.531233476474881172e-04
2.457334649079712108e-04 2.482409763615578413e-04 2.471007464919239283e-04
2.298408080605440773e-04 2.248204546049237251e-04 2.234410058008506894e-04
2.248817099825828336e-04 2.266246301587671041e-04 2.254133578389883041e-04
2.258882641399395652e-04 2.420077944407239556e-04 2.409922599326819181e-04
3.684507510115508921e-04 7.059844210743904114e-04 7.071957807056605816e-04
4.304173244236153550e-04 2.886510919779539108e-04 2.871356846299022436e-04
2.342186780879274011e-04 2.274138096254318953e-04 2.264728536829352379e-04
1.973861726582981646e-04 1.903401571325957775e-04 1.889936538645997643e-04
1.952007305590086617e-04 2.214070555055513978e-04 2.205115451943129301e-04
3.694858014569035731e-04 6.756839575245976448e-04 6.769457249902188778e-04
3.516475208016345277e-04 2.431839529890567064e-04 2.416910429019480944e-04
1.987689183806651272e-04 1.990520686376839876e-04 1.981547975447028875e-04
1.716177421258180402e-04 1.639963593333959579e-04 1.627232995815575123e-04
1.695564706096774898e-04 2.013671328313648701e-04 2.005716669373214245e-04
4.470973899515229277e-04 8.009503362700343132e-04 8.028738084249198437e-04
3.179824561811983585e-04 1.595302892383188009e-04 1.581479446031153202e-04
1.699074773569009267e-04 1.523825339972972870e-04 1.510286529082804918e-04
1.501092501712264493e-04 1.546502171549946070e-04 1.536510244477540255e-04
1.469899843868915923e-04 1.432316494174301624e-04 1.421417255187407136e-04
1.527349422758561559e-04 1.963440881809219718e-04 1.957381027750670910e-04
4.436199624251457863e-04 6.219299393706023693e-04 6.232952582649886608e-04
2.457729251545970328e-04 1.300263684242963791e-04 1.287794730160385370e-04
1.470833076382405125e-04 1.298830320592969656e-04 1.285989856114611030e-04
1.289913498112582602e-04 1.337965950369834900e-04 1.328314392594620585e-04
1.344099091511452571e-04 1.377143198624253273e-04 1.368064549751579762e-04
1.680990972090512514e-04 2.773882588371634483e-04 2.773655869532376528e-04
4.255960611772025004e-04 1.746919297147542238e-04 1.740626612445339561e-04
1.531562656964524649e-04 1.247461332241073251e-04 1.238088152604177594e-04
1.325703606198658235e-04 1.136159407906234264e-04 1.124414775404147804e-04
1.135944930865662172e-04 1.156915677711367607e-04 1.146801150753162801e-04
1.478113322264107410e-04 2.536207612138241529e-04 2.535243111196905375e-04
4.484058717935113236e-04 1.845494261942803860e-04 1.840491022448986769e-04
1.547284332445997279e-04 1.318515860475599766e-04 1.310746592935174704e-04
1.252901251973526087e-04 1.116081257350742817e-04 1.103771282942034304e-04
1.099455739677068777e-04 1.172423144453205168e-04 1.163486667792312801e-04
1.284941508856718428e-04 1.593886117916554213e-04 1.588028680998831987e-04
2.887602440750924870e-04 4.955314216203987598e-04 4.965612315572798252e-04
2.289257904521946330e-04 1.490148861194029450e-04 1.477082405472174287e-04
1.206869319503311999e-04 1.310234511038288474e-04 1.302882155869156122e-04
1.211271760439558420e-04 1.159797175205312669e-04 1.150927055277861655e-04
1.427562369826773647e-04 2.504226285964250565e-04 2.503804280422627926e-04
4.576094625008408912e-04 1.502943632658571005e-04 1.496377517469227314e-04
1.506691419308481272e-04 1.439254265278577805e-04 1.433198049198836088e-04
1.177800213554291986e-04 1.052183215506374836e-04 1.040188581100665033e-04
1.045813155542418826e-04 1.101011876016855240e-04 1.092212769435718656e-04
1.070232533493253868e-04 1.123303009080700576e-04 1.114646875066682696e-04
1.755268053784675431e-04 4.050683637615293264e-04 4.057310870848596096e-04
4.298741714592324570e-04 1.526870182715356350e-04 1.514258910901844501e-04
1.505701229689293541e-04 1.341722818324342370e-04 1.335174601990729570e-04
1.052200418598658871e-04 9.704272815724834800e-05 9.597477765055373311e-05
1.029406521411146969e-04 1.016698806779459119e-04 1.007239916361868382e-04
1.000782654045906384e-04 1.068625206244178116e-04 1.059860660461708903e-04
1.921635584949399345e-04 5.163059686310589314e-04 5.174088873900473118e-04
4.560141860565636307e-04 2.545628522057086229e-04 2.534545783419162035e-04
1.527418608020525426e-04 9.544693602947518229e-05 9.441169095225632191e-05
1.025035589918843471e-04 1.066944969352334738e-04 1.058138150256127119e-04
9.705568345452775247e-05 9.411729115527123213e-05 9.305318963015452027e-05
9.641638689572573639e-05 1.037371694110333920e-04 1.028615952236577868e-04
1.310682378061756026e-04 2.260632463730871677e-04 2.259027096442878246e-04
4.226265955367125571e-04 1.794307027012109756e-04 1.789835077943280339e-04
1.404186573381593917e-04 1.172387856058776379e-04 1.164898858405649662e-04
1.094951562663482036e-04 9.860934369498863816e-05 9.747033618623390794e-05
9.579858760844217613e-05 1.023217264446429908e-04 1.014550725813023746e-04
1.080176834875601344e-04 1.279913412872701883e-04 1.273065863642841578e-04
2.560473512858152390e-04 5.554084782488644123e-04 5.566126201301813126e-04
2.767773348750779405e-04 1.670343335717916489e-04 1.658932160353288054e-04
1.178962252197379712e-04 1.107022399082779884e-04 1.099099681596271694e-04
9.412184999746386893e-05 9.114239219343289733e-05 9.008206689031794667e-05
9.478994434175547212e-05 1.134990889113396406e-04 1.127368668676353991e-04
2.794956362777156755e-04 7.284753373824059963e-04 7.303303573280572891e-04
3.383916155144106597e-04 1.666326133999973536e-04 1.655162777751684189e-04
1.175903789771837182e-04 9.501187741989269853e-05 9.389854676555842161e-05
9.597241341907647438e-05 9.927640348905697465e-05 9.840844722930341959e-05
9.161887510344968177e-05 8.902202534954994917e-05 8.801702642813324928e-05
9.140031170318252407e-05 1.035305613186210394e-04 1.027162434183992445e-04
2.388123889431881253e-04 6.995292496867477894e-04 7.012668647803366184e-04
4.058764939145476092e-04 2.126046456396579742e-04 2.115995885105803609e-04
1.253883383469656110e-04 1.038448972394689918e-04 1.027145262924022973e-04
9.741426492837490514e-05 9.342564590042456985e-05 9.251343726646155119e-05
8.818897049422957934e-05 8.776494360063225031e-05 8.677761798026040196e-05
9.105845219892216846e-05 9.670863073552027345e-05 9.584740473655983806e-05
1.159291800831852015e-04 1.905864628497511148e-04 1.902585790958255529e-04
4.236638023940031417e-04 2.381952072028070688e-04 2.380257064942270517e-04
1.449130172659351956e-04 1.206018932862207294e-04 1.199033795273862779e-04
1.049373108799045440e-04 9.347054583486169577e-05 9.238484926754608750e-05
9.076949118025368080e-05 9.225196845363825560e-05 9.134705032920464873e-05
8.742563477426301688e-05 8.764673839323222637e-05 8.670067472849041224e-05
1.049395632435334846e-04 1.835565781220793724e-04 1.831821864470839500e-04
5.379529584388365038e-04 1.476797042414546013e-04 1.470690767746418715e-04
1.779340013854380231e-04 1.509805006207898259e-04 1.504370302427560091e-04
1.063680097104224842e-04 1.079243083950132132e-04 1.071291044354438782e-04
8.972872456070035696e-05 8.640547457616776228e-05 8.543620788259431720e-05
8.576605569032835774e-05 8.424888073932379484e-05 8.323452493641525507e-05
8.465267228530137800e-05 8.716009324416518211e-05 8.622520545031875372e-05
9.072209741134429350e-05 1.041793148033320904e-04 1.033771113725379109e-04
2.185191669923369773e-04 5.679670721292495728e-04 5.690981633961200714e-04
3.330451381771126762e-04 1.944747345987707376e-04 1.935201289597898722e-04
1.169645438494626433e-04 8.373283344553783536e-05 8.271721890196204185e-05
8.702381956027238630e-05 8.775639435043558478e-05 8.681885810801759362e-05
8.791737400315469131e-05 8.465514838462695479e-05 8.368211274500936270e-05
8.622412906333920546e-05 9.796708764042705297e-05 9.711504389997571707e-05
2.687593355403805617e-04 8.283173083327710629e-04 8.303778013214468956e-04
3.879456189679331146e-04 1.181902989628724754e-04 1.171050753328017890e-04
1.144854409176332410e-04 1.086477423086762428e-04 1.075513719115406275e-04
9.049965547092142515e-05 8.378105121664702892e-05 8.271510159829631448e-05
8.342300998265272938e-05 8.499657997163012624e-05 8.404019899899140000e-05
8.223526583606144413e-05 8.167212217813357711e-05 8.067594899330288172e-05
8.427321108683827333e-05 9.507171489531174302e-05 9.420599963050335646e-05
2.119591713380941655e-04 6.174596492201089859e-04 6.187286344356834888e-04
