3.509513391181826591e-01 1.819875240325927734e-01 1.828046441078186035e-01
1.578757660463452339e-01 1.375413089990615845e-01 1.374966800212860107e-01
1.245351834222674370e-01 1.175341904163360596e-01 1.182713061571121216e-01
1.125606670975685120e-01 1.066197231411933899e-01 1.070825532078742981e-01
1.017489023506641388e-01 9.547728300094604492e-02 9.593272954225540161e-02
8.958575548604130745e-02 8.207157254219055176e-02 8.249502629041671753e-02
7.454743562266230583e-02 6.506853550672531128e-02 6.542764604091644287e-02
5.569237796589732170e-02 4.432614892721176147e-02 4.458859935402870178e-02
3.404989722184836864e-02 2.270089089870452881e-02 2.284318394958972931e-02
1.465530012501403689e-02 7.365582045167684555e-03 7.397549226880073547e-03
4.303496869397349656e-03 2.459484850987792015e-03 2.431377302855253220e-03
2.195515873609110713e-03 2.167708007618784904e-03 2.125101629644632339e-03
2.066180037218146026e-03 2.010071184486150742e-03 1.971764024347066879e-03
1.897302332508843392e-03 1.862681005150079727e-03 1.830554334446787834e-03
1.776108729245606810e-03 1.756731653586030006e-03 1.727488823235034943e-03
1.676065330684650689e-03 1.658721361309289932e-03 1.630456885322928429e-03
1.583267985552083701e-03 1.567462459206581116e-03 1.540045836009085178e-03
1.497296645538881421e-03 1.480013132095336914e-03 1.453908276744186878e-03
1.416641491232439876e-03 1.396725187078118324e-03 1.372371101751923561e-03
1.339981565251946449e-03 1.321115298196673393e-03 1.298482995480298996e-03
1.266953135200310498e-03 1.249903347343206406e-03 1.228361390531063080e-03
1.198446989292278886e-03 1.182802952826023102e-03 1.162151107564568520e-03
1.135114049247931689e-03 1.120106782764196396e-03 1.100680325180292130e-03
1.075720683729741722e-03 1.061372226104140282e-03 1.043106196448206902e-03
1.020058341964613646e-03 1.006403821520507336e-03 9.893567766994237900e-04
9.679725553723983467e-04 9.550587856210768223e-04 9.392024949193000793e-04
9.192553625325672328e-04 9.071130771189928055e-04 8.924240246415138245e-04
8.736948584555648267e-04 8.623719913884997368e-04 8.488040184602141380e-04
8.311199890158604831e-04 8.205712656490504742e-04 8.080765255726873875e-04
7.913567533250898123e-04 7.813222473487257957e-04 7.698742556385695934e-04
7.542267994722351432e-04 7.442181231454014778e-04 7.338323048315942287e-04
7.194992685981560498e-04 7.093753665685653687e-04 7.000864716246724129e-04
6.868684758956078440e-04 6.774170906282961369e-04 6.691768066957592964e-04
6.560944166267290711e-04 6.477228016592562199e-04 6.403027800843119621e-04
6.271535858104471117e-04 6.194994784891605377e-04 6.126337684690952301e-04
6.002003974572289735e-04 5.932677304372191429e-04 5.869081942364573479e-04
5.752274773840326816e-04 5.687954835593700409e-04 5.629531224258244038e-04
5.518279504030942917e-04 5.458705127239227295e-04 5.404640105552971363e-04
5.298573742038570344e-04 5.243481718935072422e-04 5.193424876779317856e-04
5.092178325867280364e-04 5.041058757342398167e-04 4.994545597583055496e-04
4.897667786281090230e-04 4.850020050071179867e-04 4.806721117347478867e-04
4.714008609880693257e-04 4.669131012633442879e-04 4.628756141755729914e-04
4.540338686638278887e-04 4.496797919273376465e-04 4.459192568901926279e-04
4.375986663944786415e-04 4.330684314481914043e-04 4.295968101359903812e-04
4.220310784148750827e-04 4.168391460552811623e-04 4.137151991017162800e-04
4.071908751939190552e-04 4.013125435449182987e-04 3.986485535278916359e-04
3.927059151465073228e-04 3.878546413034200668e-04 3.857438568957149982e-04
3.781070972763700411e-04 3.755675861611962318e-04 3.738925734069198370e-04
3.634671356849139556e-04 3.605036181397736073e-04 3.589155385270714760e-04
3.492988307698396966e-04 3.457332495599985123e-04 3.441537264734506607e-04
3.361335293448064476e-04 3.328360908199101686e-04 3.314758650958538055e-04
3.237194614484906197e-04 3.200661449227482080e-04 3.188716946169734001e-04
3.117526593996444717e-04 3.080472815781831741e-04 3.070878447033464909e-04
3.005559647135669366e-04 2.967985928989946842e-04 2.961179125122725964e-04
2.904102675529429689e-04 2.870274765882641077e-04 2.867029688786715269e-04
2.821111302182544023e-04 2.779139613267034292e-04 2.779107890091836452e-04
2.767516562016680837e-04 2.628788352012634277e-04 2.626634377520531416e-04
2.702398251130944118e-04 2.590654476080089808e-04 2.577840932644903660e-04
2.534852928874897771e-04 2.635478449519723654e-04 2.618790895212441683e-04
2.705813949432922527e-04 2.757777692750096321e-04 2.737058093771338463e-04
2.753322369244415313e-04 2.828992146532982588e-04 2.806545526254922152e-04
2.775356624624691904e-04 2.711442648433148861e-04 2.690921246539801359e-04
2.618408316266140901e-04 2.722525387071073055e-04 2.701843623071908951e-04
2.837108786479802802e-04 2.795888576656579971e-04 2.774089225567877293e-04
2.388031498412601650e-04 2.308756520505994558e-04 2.295591984875500202e-04
2.863752615667181090e-04 3.688482684083282948e-04 3.657810739241540432e-04
2.537196478442638181e-04 1.787767105270177126e-04 1.791335089365020394e-04
1.891383753900299780e-04 2.546525211073458195e-04 2.529936318751424551e-04
4.443408142833504826e-04 1.980268862098455429e-04 1.972259342437610030e-04
2.062024086626479402e-04 2.194762637373059988e-04 2.183301839977502823e-04
1.761721314323949628e-04 1.576769573148339987e-04 1.584545534569770098e-04
1.745251593092689291e-04 2.319389459444209933e-04 2.306829846929758787e-04
3.423320604269974865e-04 3.013258101418614388e-04 2.992762892972677946e-04
1.713202873361296952e-04 1.462111831642687321e-04 1.474423042964190245e-04
1.862171029642922804e-04 3.105487558059394360e-04 3.085562202613800764e-04
3.543049215295468457e-04 1.487585541326552629e-04 1.490206923335790634e-04
1.551641034893691540e-04 1.494188909418880939e-04 1.496595068601891398e-04
2.058440995824639685e-04 2.550070348661392927e-04 2.535673265811055899e-04
2.163561366614885628e-04 1.867844985099509358e-04 1.861663040472194552e-04
1.877182021416956559e-04 2.529078046791255474e-04 2.515438536647707224e-04
3.370170306880027056e-04 2.261276240460574627e-04 2.249514072900637984e-04
1.427102188245044090e-04 1.247228938154876232e-04 1.259822747670114040e-04
1.638730172999203205e-04 2.830068115144968033e-04 2.813850296661257744e-04
3.638894086179789156e-04 1.481386134400963783e-04 1.480024948250502348e-04
1.416777313352213241e-04 1.268691266886889935e-04 1.273514790227636695e-04
1.689597593212965876e-04 1.954400504473596811e-04 1.946034899447113276e-04
1.869946572696790099e-04 2.161716402042657137e-04 2.151161461370065808e-04
2.616625779410242103e-04 2.762326621450483799e-04 2.746265963651239872e-04
1.621794876882631797e-04 1.163691340479999781e-04 1.170386894955299795e-04
1.269233484890719410e-04 1.925903052324429154e-04 1.917564077302813530e-04
5.492274476637248881e-04 2.341919898753985763e-04 2.327384718228131533e-04
2.013095609072479419e-04 1.955806219484657049e-04 1.945856201928108931e-04
1.258650531781313475e-04 1.190606199088506401e-04 1.193191565107554197e-04
1.131408521359844599e-04 1.089693905669264495e-04 1.097494096029549837e-04
1.133194141402782407e-04 1.285459438804537058e-04 1.285393955186009407e-04
1.622515865165041760e-04 2.617995196487754583e-04 2.602848690003156662e-04
3.487700741970911622e-04 1.624795986572280526e-04 1.617773086763918400e-04
1.264537308998114895e-04 1.059043934219516814e-04 1.066351833287626505e-04
1.441985864403250162e-04 1.901531941257417202e-04 1.891448773676529527e-04
2.075094998872373253e-04 2.342712832614779472e-04 2.328595437575131655e-04
1.959425262612057850e-04 1.575297210365533829e-04 1.568621082697063684e-04
1.430571774108102545e-04 1.763009931892156601e-04 1.754080003593116999e-04
3.283567821199540049e-04 4.207709571346640587e-04 4.181814438197761774e-04
1.733813078317325562e-04 1.193573189084418118e-04 1.210075424751266837e-04
1.200962597067700699e-04 1.558966469019651413e-04 1.551712921354919672e-04
1.834961831264081411e-04 2.329708659090101719e-04 2.314995072083547711e-04
2.336546995138633065e-04 1.827748201321810484e-04 1.817114825826138258e-04
1.226222098011930939e-04 1.085709736798889935e-04 1.086976917576976120e-04
1.557767632220929954e-04 3.482295142021030188e-04 3.460475127212703228e-04
4.907667862426023930e-04 1.578883675392717123e-04 1.601876283530145884e-04
1.894742754302569665e-04 1.250159693881869316e-04 1.246005122084170580e-04
1.104855173252872191e-04 1.154408528236672282e-04 1.152438344433903694e-04
1.026242894113238435e-04 9.856170800048857927e-05 9.907815547194331884e-05
1.039325129568169359e-04 1.206263841595500708e-04 1.203522697323933244e-04
1.776196427272225264e-04 3.288508742116391659e-04 3.267662832513451576e-04
3.339592608426755760e-04 9.734365448821336031e-05 9.782487177290022373e-05
1.227915613526420202e-04 1.126447023125365376e-04 1.124718910432420671e-04
1.300468256886233576e-04 1.220342383021488786e-04 1.216427481267601252e-04
1.197232309095852543e-04 1.559505617478862405e-04 1.551011228002607822e-04
3.742877061085891910e-04 5.190560477785766125e-04 5.160317523404955864e-04
1.923594322761346120e-04 1.026487225317396224e-04 1.037408364936709404e-04
1.164907680504256859e-04 1.003488359856419265e-04 1.004555379040539265e-04
9.635424521547975019e-05 9.853694064076989889e-05 9.875246178125962615e-05
1.377373187096964102e-04 2.635472046677023172e-04 2.618053695186972618e-04
4.330740612203953788e-04 1.022518918034620583e-04 1.021707503241486847e-04
1.438704211977892555e-04 1.461997017031535506e-04 1.453629229217767715e-04
1.080252864085196052e-04 9.518719889456406236e-05 9.594112634658813477e-05
1.007344517347519286e-04 1.149175368482246995e-04 1.145882342825643718e-04
1.336349482699006330e-04 1.918017514981329441e-04 1.905680401250720024e-04
3.329723349452251568e-04 2.907162415795028210e-04 2.887017035391181707e-04
1.335542624474328477e-04 1.006896563922055066e-04 1.017670947476290166e-04
1.106287454604171216e-04 1.364548224955797195e-04 1.357263245154172182e-04
1.492858946221531369e-04 1.903736847452819347e-04 1.891278370749205351e-04
2.649624975674669258e-04 2.624532789923250675e-04 2.606340276543051004e-04
1.305848236370366067e-04 9.615981980459764600e-05 9.706911805551499128e-05
9.557991461406345479e-05 1.036790199577808380e-04 1.035485620377585292e-04
2.699898577702697366e-04 7.551377057097852230e-04 7.516804034821689129e-04
4.041461124870693311e-04 1.730104268062859774e-04 1.753296382958069444e-04
1.236327402693859767e-04 1.049796046572737396e-04 1.062036099028773606e-04
1.057101235346635804e-04 1.006276434054598212e-04 1.005333979264833033e-04
9.218749210049281828e-05 9.301370300818234682e-05 9.324080019723623991e-05
1.006388170026184525e-04 1.148822775576263666e-04 1.145070855272933841e-04
1.672006656008306891e-04 3.084477793890982866e-04 3.065107739530503750e-04
3.295245878689456731e-04 9.031136141857132316e-05 9.070658416021615267e-05
1.179399746433773544e-04 1.081686350516974926e-04 1.078589993994683027e-04
1.114575443352805451e-04 9.467128256801515818e-05 9.474513353779911995e-05
9.272927945858100429e-05 1.030610146699473262e-04 1.028981496347114444e-04
2.478639130458759610e-04 6.934585981070995331e-04 6.902845925651490688e-04
4.106257292733062059e-04 1.942908274941146374e-04 1.968199503608047962e-04
1.250197160516108852e-04 1.018794282572343946e-04 1.030264174914918840e-04
1.036479161484749056e-04 9.742952533997595310e-05 9.736672654980793595e-05
9.005566562336753123e-05 9.085796045837923884e-05 9.107345249503850937e-05
9.633036688683205284e-05 1.044053569785319269e-04 1.042036892613396049e-04
1.315195095230592415e-04 2.183178730774670839e-04 2.169435465475544333e-04
3.744526320588192903e-04 1.507347333244979382e-04 1.497544872108846903e-04
1.213016867041005753e-04 9.919516742229461670e-05 9.905297338264063001e-05
1.045308545144507661e-04 8.785199315752834082e-05 8.832824096316471696e-05
8.908659719963907264e-05 9.316401701653376222e-05 9.323398990090936422e-05
1.419298951077507809e-04 2.984802122227847576e-04 2.966880565509200096e-04
4.164230572314409073e-04 1.006747697829268873e-04 1.017693211906589568e-04
1.487985259700508323e-04 1.297714188694953918e-04 1.290463987970724702e-04
9.504916670266538858e-05 8.836537017486989498e-05 8.861327660270035267e-05
9.229401121046976186e-05 8.909965981729328632e-05 8.929966134019196033e-05
8.891447123460238799e-05 9.619120828574523330e-05 9.615902672521770000e-05
1.603057480679126456e-04 3.694381157401949167e-04 3.674078034237027168e-04
4.023728511128865648e-04 1.579845120431855321e-04 1.600558316567912698e-04
1.502811983300489374e-04 1.046008401317521930e-04 1.042511503328569233e-04
9.284963925892952830e-05 9.332406625617295504e-05 9.331673936685547233e-05
9.021125924846273847e-05 8.622264431323856115e-05 8.658576552988961339e-05
8.802061165624763817e-05 9.655908797867596149e-05 9.650143329054117203e-05
1.540677162665815558e-04 3.295404603704810143e-04 3.277200448792427778e-04
3.749767679437354673e-04 1.155255595222115517e-04 1.169615570688620210e-04
1.390533616358879954e-04 1.213216164615005255e-04 1.207224413519725204e-04
9.176446428682538681e-05 8.543232979718595743e-05 8.580348367104306817e-05
9.120778986471123062e-05 9.159362525679171085e-05 9.162811329588294029e-05
9.169841450784588233e-05 1.042986841639503837e-04 1.040756978909485042e-04
2.278760894114384428e-04 5.491976044140756130e-04 5.467503797262907028e-04
3.234745463487342931e-04 1.775618293322622776e-04 1.798168814275413752e-04
1.184512520921998657e-04 8.510869520250707865e-05 8.538918336853384972e-05
8.999217970995232463e-05 9.281472011934965849e-05 9.279925143346190453e-05
9.032477419168571942e-05 8.677515143062919378e-05 8.698279270902276039e-05
9.006815298562287353e-05 1.077271517715416849e-04 1.074502870324067771e-04
2.841997988980438095e-04 6.481406744569540024e-04 6.455434486269950867e-04
2.839810281329846475e-04 1.207398017868399620e-04 1.222462014993652701e-04
1.035915402098908089e-04 8.968780457507818937e-05 9.053315443452447653e-05
9.179820654026116244e-05 9.430229692952707410e-05 9.423601295566186309e-05
8.604590948380064219e-05 8.410081500187516212e-05 8.444051491096615791e-05
8.953596670835395344e-05 1.093972095986828208e-04 1.091037847800180316e-04
2.788243205031903926e-04 5.957489483989775181e-04 5.933497450314462185e-04
2.589295327197760344e-04 1.214351214002817869e-04 1.229481422342360020e-04
1.019286851260403637e-04 8.429922309005632997e-05 8.492074266541749239e-05
8.854719089868012816e-05 9.204536763718351722e-05 9.202990622725337744e-05
8.922088682083995081e-05 8.691181574249640107e-05 8.707119559403508902e-05
9.464588856644695625e-05 1.277457631658762693e-04 1.272486406378448009e-04
3.758907032533898018e-04 4.933815798722207546e-04 4.911788273602724075e-04
1.750875221659953240e-04 8.915763464756309986e-05 8.916416845750063658e-05
9.876230978989042342e-05 9.058541763806715608e-05 9.150191908702254295e-05
8.790127185420715250e-05 8.679460734128952026e-05 8.691486436873674393e-05
8.256902219727635384e-05 8.319652988575398922e-05 8.350481220986694098e-05
9.429106376046547666e-05 1.303013123106211424e-04 1.298076967941597104e-04
3.542451868270291016e-04 4.378124140202999115e-04 4.358371079433709383e-04
1.624333181098336354e-04 8.309026452479884028e-05 8.332346624229103327e-05
9.576626098350971006e-05 8.843368414090946317e-05 8.930450712796300650e-05
8.660341836730367504e-05 9.023054735735058784e-05 9.024796599987894297e-05
8.612315286882221699e-05 8.634813275421038270e-05 8.650387462694197893e-05
1.057230665537645109e-04 1.769439113559201360e-04 1.761369640007615089e-04
4.181333106316742487e-04 1.247015607077628374e-04 1.241125864908099174e-04
1.358286463073454797e-04 1.316865382250398397e-04 1.310531806666404009e-04
9.168416045213234611e-05 8.222440374083817005e-05 8.248599624494090676e-05
8.340462045453023165e-05 8.058949606493115425e-05 8.110083581414073706e-05
8.157247930284938775e-05 8.532452920917421579e-05 8.549579069949686527e-05
9.341958184450049885e-05 1.151105680037289858e-04 1.148106675827875733e-04
2.462518295942572877e-04 4.333488468546420336e-04 4.316408303566277027e-04
1.967351931853045244e-04 1.198396494146436453e-04 1.212928764289245009e-04
9.677414800535188988e-05 8.930207695811986923e-05 8.931388583732768893e-05
8.102713309199316427e-05 7.981869566719979048e-05 8.026731666177511215e-05
8.744915248826146126e-05 1.140355816460214555e-04 1.137582439696416259e-04
3.319409374853421468e-04 5.323677323758602142e-04 5.304598598740994930e-04
1.896823091556143481e-04 8.010311285033822060e-05 8.042136323638260365e-05
9.479077243668143637e-05 8.963037544162943959e-05 9.055051486939191818e-05
8.522815005562733859e-05 8.364889072254300117e-05 8.381729276152327657e-05
7.962474319356260821e-05 7.977007044246420264e-05 8.014394552446901798e-05
8.708864788786740974e-05 1.096424675779417157e-04 1.094322869903407991e-04
2.835362265614094213e-04 5.100494017824530602e-04 5.083181313239037991e-04
2.014860019698971882e-04 9.127372322836890817e-05 9.221827349392697215e-05
9.213479552272474393e-05 8.234934648498892784e-05 8.306613017339259386e-05
8.352755958185298368e-05 8.606680785305798054e-05 8.616449485998600721e-05
8.439389830527943559e-05 8.328173134941607714e-05 8.348316623596474528e-05
9.436856407774030231e-05 1.369939418509602547e-04 1.365678181173279881e-04
3.799583500949665904e-04 2.684708451852202415e-04 2.672462724149227142e-04
1.338157403552031610e-04 1.167372101917862892e-04 1.163187844213098288e-04
9.263100673706503585e-05 7.873213326092809439e-05 7.930359424790367484e-05
8.110012549877865240e-05 7.779675797792151570e-05 7.824617932783439755e-05
7.819660095265135169e-05 8.017216168809682131e-05 8.045794675126671791e-05
8.934141351346625015e-05 1.117645515478216112e-04 1.115691411541774869e-04
2.469671767357795034e-04 4.100218648090958595e-04 4.086486296728253365e-04
1.776522940417635255e-04 1.061561924871057272e-04 1.073677194654010236e-04
9.088505021281889640e-05 8.039936801651492715e-05 8.062167034950107336e-05
7.824775548215257004e-05 7.720418943790718913e-05 7.763718167552724481e-05
8.619199525128351524e-05 1.120135129895061255e-04 1.118238942581228912e-04
2.868930528165947180e-04 4.384986532386392355e-04 4.371061222627758980e-04
1.689246969363011885e-04 8.043611160246655345e-05 8.110150520224124193e-05
8.861661262926645577e-05 8.078648534137755632e-05 8.150402572937309742e-05
8.079923645709641278e-05 8.300505578517913818e-05 8.317063475260511041e-05
8.334968879353255033e-05 8.424898987868800759e-05 8.441072714049369097e-05
1.051866729540051892e-04 1.772235846146941185e-04 1.766706554917618632e-04
3.539144263413618319e-04 8.668337250128388405e-05 8.668295777169987559e-05
1.206820711558975745e-04 1.153516568592749536e-04 1.149751769844442606e-04
8.478900099362363108e-05 7.657591777388006449e-05 7.694090891163796186e-05
7.878054293541936204e-05 7.586231367895379663e-05 7.635332440258935094e-05
