2.792296698316931725e-01 1.636956185102462769e-01 1.632981747388839722e-01
1.422732090577483177e-01 1.250099986791610718e-01 1.249002143740653992e-01
1.159713179804384708e-01 1.054239124059677124e-01 1.053602769970893860e-01
9.419640945270657539e-02 8.206381648778915405e-02 8.204840868711471558e-02
6.905455375090241432e-02 5.388956144452095032e-02 5.395332723855972290e-02
3.918103314936161041e-02 2.325179241597652435e-02 2.334047853946685791e-02
1.285837605246342719e-02 4.743031226098537445e-03 4.783486016094684601e-03
3.242287595639936626e-03 2.840420696884393692e-03 2.836551284417510033e-03
2.745959980529733002e-03 2.477943897247314453e-03 2.481167670339345932e-03
2.350355352973565459e-03 2.223225776106119156e-03 2.234648447483778000e-03
2.184990036766976118e-03 2.105740830302238464e-03 2.116952557116746902e-03
2.061142993625253439e-03 1.988402334973216057e-03 1.996694132685661316e-03
1.960473229701165110e-03 1.898371148854494095e-03 1.906811026856303215e-03
1.873885645181871951e-03 1.816549221985042095e-03 1.824639271944761276e-03
1.796720054699108005e-03 1.741955056786537170e-03 1.749561401084065437e-03
1.726297778077423573e-03 1.672625076025724411e-03 1.678832340985536575e-03
1.658866072830278426e-03 1.607375219464302063e-03 1.613639527931809425e-03
1.593116634467151016e-03 1.545857638120651245e-03 1.552647212520241737e-03
1.533387214294634759e-03 1.492647570557892323e-03 1.500324113294482231e-03
1.479307298723142594e-03 1.472761156037449837e-03 1.482518273405730724e-03
1.461702930100727826e-03 1.451257267035543919e-03 1.461914042010903358e-03
1.419788655766751617e-03 1.377803389914333820e-03 1.387404743582010269e-03
1.376938940666150302e-03 1.381049631163477898e-03 1.391806639730930328e-03
1.287160434003453702e-03 1.233118236996233463e-03 1.240445999428629875e-03
1.373398554278537631e-03 1.179709797725081444e-03 1.186642213724553585e-03
1.168383263575378805e-03 1.213759067468345165e-03 1.222698483616113663e-03
1.116639548854436725e-03 1.046661287546157837e-03 1.050990307703614235e-03
1.225657666509505361e-03 1.209056121297180653e-03 1.218829536810517311e-03
1.043134772771736607e-03 1.066892407834529877e-03 1.074530649930238724e-03
9.659462375566363335e-04 8.961546700447797775e-04 8.993706433102488518e-04
9.860146528808400035e-04 9.851874783635139465e-04 9.922642493620514870e-04
8.578920642321463674e-04 8.037388324737548828e-04 8.064471185207366943e-04
1.071631810191320255e-03 9.319442324340343475e-04 9.387052268721163273e-04
8.390026996494270861e-04 8.321747882291674614e-04 8.375050383619964123e-04
7.319269425352104008e-04 7.533149328082799911e-04 7.577278884127736092e-04
6.846787655376829207e-04 6.391372880898416042e-04 6.408784538507461548e-04
7.232950483739841729e-04 7.805383065715432167e-04 7.859396282583475113e-04
6.336351034406106919e-04 5.664915079250931740e-04 5.676137516275048256e-04
7.814414093445520848e-04 9.980978211387991905e-04 1.005520112812519073e-03
6.402351864380761981e-04 6.202351069077849388e-04 6.238642381504178047e-04
5.456912913359701633e-04 4.832340346183627844e-04 4.842274356633424759e-04
5.011998382542515174e-04 4.628048627637326717e-04 4.638789687305688858e-04
4.888193579972721636e-04 6.041579181328415871e-04 6.079560844227671623e-04
5.706677784473868087e-04 4.242079448886215687e-04 4.253322840668261051e-04
4.145867751503828913e-04 4.710518987849354744e-04 4.733732203021645546e-04
6.310678654699586332e-04 4.407424712553620338e-04 4.428818356245756149e-04
3.974618157371878624e-04 4.071339499205350876e-04 4.087654815521091223e-04
4.042973705509211868e-04 3.541466430760920048e-04 3.549462417140603065e-04
3.816296211880398914e-04 5.136798135936260223e-04 5.167986382730305195e-04
4.870484608545666561e-04 3.310319443698972464e-04 3.318950766697525978e-04
3.161629902024287730e-04 3.362543066032230854e-04 3.373909858055412769e-04
5.328619390638777986e-04 6.327344453893601894e-04 6.367139867506921291e-04
3.811740498349536210e-04 3.190988209098577499e-04 3.202488878741860390e-04
3.187359925505006686e-04 2.729355474002659321e-04 2.729372354224324226e-04
2.903972490457817912e-04 3.435473190620541573e-04 3.452302771620452404e-04
3.420151624595746398e-04 3.851259534712880850e-04 3.872684319503605366e-04
3.429911739658564329e-04 3.296005888842046261e-04 3.312222543172538280e-04
3.119211614830419421e-04 3.656359040178358555e-04 3.675917978398501873e-04
3.644510743470164016e-04 3.547969099599868059e-04 3.566801897250115871e-04
2.634553893585689366e-04 2.339113270863890648e-04 2.343351079616695642e-04
3.385872114449739456e-04 7.265890017151832581e-04 7.303112652152776718e-04
4.140318842473789118e-04 2.310943673364818096e-04 2.303384535480290651e-04
2.382060838499455713e-04 2.371996233705431223e-04 2.380067599005997181e-04
2.108535127263166942e-04 2.045046858256682754e-04 2.047972811851650476e-04
2.874965248338412493e-04 5.867829313501715660e-04 5.896969232708215714e-04
3.597972690840833820e-04 2.052338095381855965e-04 2.046615118160843849e-04
2.024565555984736420e-04 2.664027269929647446e-04 2.676300355233252048e-04
2.362345276196720079e-04 2.499883994460105896e-04 2.511505444999784231e-04
2.816079122567316517e-04 4.330389201641082764e-04 4.351846291683614254e-04
2.731870399657054804e-04 1.696575200185179710e-04 1.698362029856070876e-04
1.701830451565911062e-04 1.932615996338427067e-04 1.939786598086357117e-04
4.337374921306036413e-04 9.492331300862133503e-04 9.528088266961276531e-04
3.776376170208095573e-04 2.788160054478794336e-04 2.801751252263784409e-04
2.097361639243899845e-04 1.948524877661839128e-04 1.957136264536529779e-04
1.706986877252347767e-04 1.676536630839109421e-04 1.682854199316352606e-04
1.572335422679316252e-04 1.533168542664498091e-04 1.537899370305240154e-04
1.509233379692886956e-04 1.579809031682088971e-04 1.585890277056023479e-04
1.616834042579284869e-04 2.207250799983739853e-04 2.218451409135013819e-04
4.000353073934093118e-04 5.983187002129852772e-04 6.006931071169674397e-04
2.726277380133979023e-04 1.593424822203814983e-04 1.600675459485501051e-04
1.620284601813182235e-04 1.336084824288263917e-04 1.339424634352326393e-04
1.355298199996468611e-04 1.489007263444364071e-04 1.495990727562457323e-04
1.363961218885378912e-04 1.367422810290008783e-04 1.373343984596431255e-04
1.650538160902215168e-04 3.541224577929824591e-04 3.557149029802531004e-04
4.722440926343551837e-04 1.260735443793237209e-04 1.264757011085748672e-04
1.859114017861429602e-04 2.179596049245446920e-04 2.190488448832184076e-04
1.563166288178763352e-04 1.340347516816109419e-04 1.347355137113481760e-04
1.300061376241501421e-04 1.223076396854594350e-04 1.228735782206058502e-04
1.214139037983841263e-04 1.250419882126152515e-04 1.256836694665253162e-04
1.386811027259682305e-04 2.455041103530675173e-04 2.467113663442432880e-04
5.357262998586520553e-04 2.131785440724343061e-04 2.143256861018016934e-04
2.419312049823929556e-04 2.310129348188638687e-04 2.321226347703486681e-04
1.710097812974709086e-04 1.829270331654697657e-04 1.839331089286133647e-04
1.463055805288604461e-04 1.672403013799339533e-04 1.681770081631839275e-04
1.344369961771008093e-04 1.416230516042560339e-04 1.424630463588982821e-04
1.235925556102301925e-04 1.136376449721865356e-04 1.143076588050462306e-04
1.125221010624954943e-04 1.138256047852337360e-04 1.145143178291618824e-04
1.111341639443708118e-04 1.100855442928150296e-04 1.107449643313884735e-04
1.099752553272992373e-04 1.215317679452709854e-04 1.222964056069031358e-04
4.906324147668783553e-04 1.991503871977329254e-03 1.994384452700614929e-03
6.522983785544056445e-04 2.103719598380848765e-04 2.112729562213644385e-04
2.009814538723730948e-04 1.759852602845057845e-04 1.764714543242007494e-04
1.197732449327304494e-04 1.123268302762880921e-04 1.130282907979562879e-04
1.099379569495795295e-04 1.035340392263606191e-04 1.042112489813007414e-04
1.089412571673165075e-04 1.033128210110589862e-04 1.039544877130538225e-04
1.078736950148595497e-04 1.022355572786182165e-04 1.029287086566910148e-04
1.108696396840969101e-04 1.070499129127711058e-04 1.077894994523376226e-04
1.155215486505767331e-04 1.244196319021284580e-04 1.252259098691865802e-04
1.172043084807228297e-04 1.306860212935134768e-04 1.315068075200542808e-04
1.136095347646914888e-04 1.041538707795552909e-04 1.048950725817121565e-04
1.023460458782210480e-04 1.004161094897426665e-04 1.011383064906112850e-04
1.020798031277081463e-04 9.887238411465659738e-05 9.956926078302785754e-05
1.136794285230280366e-04 1.459088816773146391e-04 1.465241948608309031e-04
5.672248516930267215e-04 3.083824994973838329e-04 3.089274396188557148e-04
2.080433150695171207e-04 1.189292815979570150e-04 1.195962977362796664e-04
1.037083370647451375e-04 9.644380043027922511e-05 9.717623470351099968e-05
9.868165852822130546e-05 1.045639364747330546e-04 1.053197047440335155e-04
1.038122195495816413e-04 1.101093293982557952e-04 1.108807191485539079e-04
1.030558032653061673e-04 9.554772987030446529e-05 9.628322732169181108e-05
9.598648239261819981e-05 9.571719419909641147e-05 9.645640966482460499e-05
9.946531417881487869e-05 1.016218520817346871e-04 1.023394870571792126e-04
2.676402104953012895e-04 7.436131127178668976e-04 7.444679504260420799e-04
3.626595607784111053e-04 1.788774534361436963e-04 1.796811411622911692e-04
1.542178533782134764e-04 1.657442044233903289e-04 1.665579329710453749e-04
1.208574558404507115e-04 1.164311033789999783e-04 1.172009942820295691e-04
1.031238853101967834e-04 9.383338328916579485e-05 9.458092972636222839e-05
9.356721284348168410e-05 9.230969590134918690e-05 9.305556159233674407e-05
9.506738433628925122e-05 9.192308061756193638e-05 9.266901906812563539e-05
1.090880805350025184e-04 1.410883269272744656e-04 1.418637111783027649e-04
4.360425273262080736e-04 4.009638214483857155e-04 4.018535255454480648e-04
1.771388397173723206e-04 1.179865503218024969e-04 1.187649322673678398e-04
1.138475367952196393e-04 1.037856127368286252e-04 1.045350509230047464e-04
1.064785228663822636e-04 1.073815292329527438e-04 1.081200462067499757e-04
9.761293495103018358e-05 8.875023195287212729e-05 8.950518531491979957e-05
8.952581310950336047e-05 8.899275417206808925e-05 8.973931835498660803e-05
9.565150958223966882e-05 1.051265062415041029e-04 1.059129645000211895e-04
3.225722502975258976e-04 7.152445032261312008e-04 7.164524868130683899e-04
2.735091784415999427e-04 9.698083158582448959e-05 9.771595796337351203e-05
1.363965739074046724e-04 1.401169574819505215e-04 1.408343960065394640e-04
1.111091105485684238e-04 1.058733178069815040e-04 1.065945107256993651e-04
9.545340071781538427e-05 8.635524864075705409e-05 8.710530528333038092e-05
8.695063161212601699e-05 8.647843787912279367e-05 8.722236088942736387e-05
9.147559967459528707e-05 9.186426905216649175e-05 9.264703840017318726e-05
1.447409504180541262e-04 2.782539231702685356e-04 2.792628365568816662e-04
3.231572140975913499e-04 8.540959970559924841e-05 8.614941179985180497e-05
1.011180056593730114e-04 8.592844096710905433e-05 8.670108218211680651e-05
9.377348078487557359e-05 8.486476144753396511e-05 8.560188143746927381e-05
8.575391484555439092e-05 8.481476834276691079e-05 8.557615365134552121e-05
1.275119388992607128e-04 2.588286297395825386e-04 2.598541323095560074e-04
4.036056629956874531e-04 9.037399286171421409e-05 9.108346421271562576e-05
1.182819992209260818e-04 9.301263344241306186e-05 9.382375719724223018e-05
8.558935633118380792e-05 8.606971823610365391e-05 8.678665471961721778e-05
9.116319097302039154e-05 8.250061364378780127e-05 8.324261580128222704e-05
8.321873838212923147e-05 8.224640623666346073e-05 8.298749889945611358e-05
1.010398323160188738e-04 1.480502542108297348e-04 1.489648129791021347e-04
4.215731769363628700e-04 2.658569137565791607e-04 2.669130626600235701e-04
1.484012163928127848e-04 1.169474926427938044e-04 1.178233724203892052e-04
9.844710984907578677e-05 8.582045120419934392e-05 8.652311953483149409e-05
9.332280615126364864e-05 9.261682134820148349e-05 9.329011663794517517e-05
8.714460545888869092e-05 8.121413702610880136e-05 8.196153794415295124e-05
8.197144279620260932e-05 8.042010449571534991e-05 8.114962838590145111e-05
9.306800484409905039e-05 1.198299723910167813e-04 1.207067980431020260e-04
3.664038204078678973e-04 4.865715163759887218e-04 4.879072075709700584e-04
1.842011379267205484e-04 9.015895921038463712e-05 9.096735448110848665e-05
1.112756599468411878e-04 9.991528349928557873e-05 1.005592930596321821e-04
9.605875084162107669e-05 9.114162094192579389e-05 9.179716289509087801e-05
8.505661617164150812e-05 7.928643753984943032e-05 8.002264075912535191e-05
7.992183645910699852e-05 7.884766091592609882e-05 7.956529589137062430e-05
8.750781262278906070e-05 1.008924009511247277e-04 1.017337926896288991e-04
2.590646831777121406e-04 5.357280606403946877e-04 5.371713195927441120e-04
2.232037772955663968e-04 1.291745866183191538e-04 1.297654089285060763e-04
1.173465452666277997e-04 9.479292930336669087e-05 9.543069609208032489e-05
8.604990534877288155e-05 7.904047379270195961e-05 7.979295332916080952e-05
7.864437793614342809e-05 7.814491982571780682e-05 7.884871592978015542e-05
8.428285582340322435e-05 9.255979966837912798e-05 9.338420932181179523e-05
1.936464991558750626e-04 4.241448186803609133e-04 4.254965460859239101e-04
2.208483829235774465e-04 1.461073989048600197e-04 1.466673566028475761e-04
1.045469075506844092e-04 8.600611909059807658e-05 8.680869359523057938e-05
7.917114044175832532e-05 8.245263597927987576e-05 8.311853162012994289e-05
8.631331047581625171e-05 1.038242553477175534e-04 1.046881661750376225e-04
2.371932464484416414e-04 4.412506241351366043e-04 4.426342493388801813e-04
1.905951094158808701e-04 1.394724531564861536e-04 1.400321489199995995e-04
1.131614271798753180e-04 7.586419087601825595e-05 7.658965478185564280e-05
7.798986734997015446e-05 7.591281610075384378e-05 7.662114512640982866e-05
8.769574014877434820e-05 9.209666313836351037e-05 9.292565664509311318e-05
1.167232830994180404e-04 1.688050542725250125e-04 1.698158157523721457e-04
2.482287036400521174e-04 1.831548870541155338e-04 1.841835037339478731e-04
1.109171507778228261e-04 1.075214968295767903e-04 1.081165682990103960e-04
1.056649834936251864e-04 1.014821173157542944e-04 1.023396980599500239e-04
8.106599807433667593e-05 7.833199197193607688e-05 7.900324999354779720e-05
7.845063282729825005e-05 8.893771882867440581e-05 8.975433593150228262e-05
3.826119072982692160e-04 8.329992997460067272e-04 8.348069968633353710e-04
2.563107427704380825e-04 1.661054848227649927e-04 1.670936762820929289e-04
1.036249614116968587e-04 8.723620703676715493e-05 8.803806849755346775e-05
8.119101903503178619e-05 7.385847857221961021e-05 7.458115578629076481e-05
7.983691511981305666e-05 7.851976261008530855e-05 7.917774928500875831e-05
7.974768277563271113e-05 7.831219409126788378e-05 7.897129398770630360e-05
7.675724918954074383e-05 7.345468475250527263e-05 7.417602319037541747e-05
7.448686392308445647e-05 7.334010297199711204e-05 7.405880751321092248e-05
8.437073302047792822e-05 1.061889342963695526e-04 1.070551079465076327e-04
2.807482460411847569e-04 4.766885540448129177e-04 4.781039897352457047e-04
1.860093420873454306e-04 7.793684198986738920e-05 7.858216849854215980e-05
1.043664319695380982e-04 9.979368769563734531e-05 1.003889628918841481e-04
8.436056350547005422e-05 7.241117418743669987e-05 7.312009984161704779e-05
7.261146765813464299e-05 7.227767491713166237e-05 7.297463889699429274e-05
7.870722811276209541e-05 8.113053627312183380e-05 8.190888911485671997e-05
1.106813388105365448e-04 1.840326731326058507e-04 1.850456465035676956e-04
2.658808616615715437e-04 1.315373810939490795e-04 1.324440818279981613e-04
1.000730089799617417e-04 7.642045238753780723e-05 7.706919132033362985e-05
9.389452543473453261e-05 7.357285358011722565e-05 7.430699770338833332e-05
7.227591959235724062e-05 7.346487109316512942e-05 7.412744162138551474e-05
8.160193328876630403e-05 1.114171827794052660e-04 1.122812391258776188e-04
3.389340163266751915e-04 4.278041014913469553e-04 4.291169170755892992e-04
1.635543676457018591e-04 9.883962047751992941e-05 9.965413482859730721e-05
9.654043969931080937e-05 7.421285408781841397e-05 7.486610411433503032e-05
8.264447887995629571e-05 8.201379387173801661e-05 8.263828931376338005e-05
7.706198903179029003e-05 7.059288327582180500e-05 7.128507422748953104e-05
7.085951210683560930e-05 7.045893289614468813e-05 7.114713662303984165e-05
7.731726009296835400e-05 8.452871406916528940e-05 8.530534250894561410e-05
1.490533504693303257e-04 3.100548638030886650e-04 3.112084523309022188e-04
1.987063646993192378e-04 8.695280121173709631e-05 8.756166789680719376e-05
7.727986758254701272e-05 7.406085933325812221e-05 7.479311170754954219e-05
7.877924326749052852e-05 7.669290789635851979e-05 7.743613241473212838e-05
1.016417804748925846e-04 1.704328169580549002e-04 1.713745004963129759e-04
2.826914296747418121e-04 1.397399755660444498e-04 1.406243391102179885e-04
1.017229369608685374e-04 6.969083187868818641e-05 7.037507748464122415e-05
8.469737895211437717e-05 7.402018673019483685e-05 7.466210809070616961e-05
7.171631432356662117e-05 7.134370389394462109e-05 7.205308793345466256e-05
7.772240542180952616e-05 8.328324474859982729e-05 8.403934043599292636e-05
1.512369481133646332e-04 3.265958512201905251e-04 3.277231007814407349e-04
1.961906095857557375e-04 9.684378164820373058e-05 9.744214185047894716e-05
7.950222925501293503e-05 7.674399239476770163e-05 7.747303607175126672e-05
7.307631403818959370e-05 6.859573477413505316e-05 6.927644426468759775e-05
7.841010801712400280e-05 1.056031833286397159e-04 1.064028620021417737e-04
3.287401664238132071e-04 4.296422121115028858e-04 4.308508359827101231e-04
1.611281750228954479e-04 1.062528317561373115e-04 1.070425496436655521e-04
9.140032398136099800e-05 6.809485057601705194e-05 6.874882092233747244e-05
7.839548197807744145e-05 7.673487561987712979e-05 7.735873805359005928e-05
7.430614095937926322e-05 6.879883585497736931e-05 6.945219502085819840e-05
6.863439421067596413e-05 6.789315375499427319e-05 6.856891559436917305e-05
7.114406798791605979e-05 7.129940786398947239e-05 7.199728133855387568e-05
9.295602649217471480e-05 1.524204853922128677e-04 1.532766182208433747e-04
2.831913452610024251e-04 1.641816488699987531e-04 1.650504709687083960e-04
1.053439450515725184e-04 7.012988498900085688e-05 7.082343654474243522e-05
8.196022145057213493e-05 7.751541852485388517e-05 7.813364209141582251e-05
7.337033775911550038e-05 6.969778769416734576e-05 7.038230251055210829e-05
6.816758650529664010e-05 6.668050627922639251e-05 6.733901682309806347e-05
7.791816688040853478e-05 1.104762050090357661e-04 1.112483005272224545e-04
3.243359087718999945e-04 3.449963987804949284e-04 3.460382577031850815e-04
1.432219833077397197e-04 1.059230562532320619e-04 1.066963595803827047e-04
