4.185664579272270203e-01 2.854901850223541260e-01 2.886711955070495605e-01
2.169189807027578354e-01 1.680797785520553589e-01 1.690492033958435059e-01
1.489170081913471222e-01 1.307377666234970093e-01 1.313214600086212158e-01
1.236036722548305988e-01 1.175303384661674500e-01 1.181803196668624878e-01
1.118063074536621571e-01 1.054046601057052612e-01 1.058589518070220947e-01
9.900675946846604347e-02 9.175516664981842041e-02 9.216218441724777222e-02
8.426139410585165024e-02 7.522470504045486450e-02 7.551238685846328735e-02
6.572272675111889839e-02 5.420429259538650513e-02 5.438366904854774475e-02
4.282545018941164017e-02 2.975058928132057190e-02 2.982246316969394684e-02
1.941102882847189903e-02 9.526697918772697449e-03 9.536250494420528412e-03
5.098653331515379250e-03 2.403114223852753639e-03 2.391803544014692307e-03
2.162411474273540080e-03 2.161041367799043655e-03 2.146600978448987007e-03
2.047977512120269239e-03 1.940095215104520321e-03 1.927369972690939903e-03
1.849746324296575040e-03 1.806175569072365761e-03 1.796267926692962646e-03
1.752009979099966586e-03 1.721173990517854691e-03 1.712277065962553024e-03
1.671388883551117033e-03 1.642447663471102715e-03 1.633866690099239349e-03
1.598433373146690428e-03 1.570892753079533577e-03 1.562837627716362476e-03
1.531034919025842100e-03 1.504278508946299553e-03 1.496936776675283909e-03
1.467235240852460265e-03 1.443628920242190361e-03 1.437045168131589890e-03
1.405650036758743227e-03 1.389341661706566811e-03 1.383510301820933819e-03
1.344635107670910656e-03 1.332404674030840397e-03 1.327066565863788128e-03
1.282265737245324999e-03 1.261270837858319283e-03 1.255868701264262199e-03
1.217740631545893848e-03 1.191183575429022312e-03 1.185561995953321457e-03
1.154128520283848047e-03 1.129194861277937889e-03 1.123813213780522346e-03
1.092716251150704920e-03 1.067337812855839729e-03 1.062224502675235271e-03
1.031311679980717599e-03 1.005096710287034512e-03 1.000223914161324501e-03
9.698802277853246778e-04 9.434620151296257973e-04 9.388711769133806229e-04
9.090075473068282008e-04 8.827410056255757809e-04 8.784533711150288582e-04
8.492252854921389371e-04 8.234308334067463875e-04 8.194509427994489670e-04
7.913243680377490819e-04 7.659901166334748268e-04 7.623002165928483009e-04
7.361441748798824847e-04 7.104955730028450489e-04 7.070188294164836407e-04
6.842062211944721639e-04 6.583198555745184422e-04 6.549372337758541107e-04
6.354350152832921594e-04 6.123713683336973190e-04 6.090815877541899681e-04
5.899231691728346050e-04 5.697260494343936443e-04 5.667657824233174324e-04
5.486402988026384264e-04 5.308958934620022774e-04 5.283691571094095707e-04
5.125316638441290706e-04 4.969463916495442390e-04 4.946984117850661278e-04
4.805296430276939645e-04 4.667852190323174000e-04 4.648462345357984304e-04
4.521635910350596532e-04 4.401112673804163933e-04 4.384393687359988689e-04
4.270425979484571144e-04 4.164921119809150696e-04 4.150784807279706001e-04
4.047650218126364052e-04 3.954919229727238417e-04 3.943144693039357662e-04
3.849199492833577096e-04 3.765768778976052999e-04 3.755974466912448406e-04
3.671532576845493168e-04 3.590611158870160580e-04 3.582008066587150097e-04
3.509894104354316369e-04 3.432006924413144588e-04 3.423448360990732908e-04
3.356874676683219150e-04 3.301823453512042761e-04 3.293012559879571199e-04
3.211211151210591197e-04 3.164850932080298662e-04 3.157251921948045492e-04
3.077955789194675162e-04 3.031511732842773199e-04 3.025391488336026669e-04
2.956623466161545366e-04 2.917317906394600868e-04 2.911678166128695011e-04
2.845936032827012241e-04 2.808846184052526951e-04 2.803706447593867779e-04
2.744643625192111358e-04 2.717363531701266766e-04 2.712146961130201817e-04
2.656381820997921750e-04 2.666840446181595325e-04 2.660676254890859127e-04
2.579747524578124285e-04 2.708810789044946432e-04 2.700904151424765587e-04
2.498937865311745554e-04 2.671014517545700073e-04 2.662984188646078110e-04
2.434311218166840263e-04 2.388347347732633352e-04 2.383565006311982870e-04
2.459991419527796097e-04 2.812041493598371744e-04 2.802405506372451782e-04
2.836480452970135957e-04 3.055672277696430683e-04 3.044818877242505550e-04
2.469141654728446156e-04 2.306421520188450813e-04 2.300023188581690192e-04
2.746121263044187799e-04 4.396857693791389465e-04 4.383596242405474186e-04
2.963058404930052347e-04 2.046390291070565581e-04 2.048703026957809925e-04
1.992212000914150849e-04 2.348906273255124688e-04 2.341135696042329073e-04
3.114613318757619709e-04 3.726656432263553143e-04 3.714658087119460106e-04
2.282291598021402024e-04 1.886631071101874113e-04 1.888762344606220722e-04
1.969077329704305157e-04 2.809329889714717865e-04 2.799250651150941849e-04
3.313438664918066934e-04 2.300247433595359325e-04 2.291755517944693565e-04
1.939132680490729399e-04 1.712685043457895517e-04 1.713282254058867693e-04
1.967486496141646057e-04 3.086125652771443129e-04 3.075264394283294678e-04
3.156561715513817035e-04 1.846536033554002643e-04 1.839910401031374931e-04
1.764219277902157046e-04 1.630101760383695364e-04 1.630783663131296635e-04
1.707360597720253281e-04 2.616732381284236908e-04 2.606606867630034685e-04
4.498551625147229061e-04 1.662582944845780730e-04 1.656469539739191532e-04
2.047516545644612052e-04 2.226673823315650225e-04 2.217679866589605808e-04
1.714572472337749787e-04 1.463364751543849707e-04 1.461637584725394845e-04
1.519606321380706504e-04 1.618227397557348013e-04 1.611575426068156958e-04
1.578489427629392594e-04 1.871447311714291573e-04 1.863084908109158278e-04
4.091968512511812150e-04 6.201783544383943081e-04 6.190760759636759758e-04
2.680531042642542161e-04 1.491680450271815062e-04 1.485390530433505774e-04
1.681531166468630545e-04 1.444681547582149506e-04 1.444338122382760048e-04
1.375921674480196089e-04 1.432266144547611475e-04 1.425933442078530788e-04
1.351093615085119382e-04 1.346375211142003536e-04 1.340977614745497704e-04
1.654013067309278995e-04 3.463796456344425678e-04 3.452264354564249516e-04
5.859081020389567129e-04 2.928252797573804855e-04 2.940852427855134010e-04
2.088488790832343511e-04 1.278114214073866606e-04 1.274782844120636582e-04
1.372436108795227483e-04 1.397613523295149207e-04 1.390109973726794124e-04
1.292800161536433734e-04 1.254719099961221218e-04 1.249378983629867435e-04
1.271184100914979354e-04 1.252041838597506285e-04 1.246386818820610642e-04
1.234569544976693578e-04 1.271619257749989629e-04 1.265243918169289827e-04
2.174547280446859077e-04 7.189542520791292191e-04 7.179445237852632999e-04
6.506881773020722903e-04 2.558378619141876698e-04 2.567550109233707190e-04
1.817120223677193280e-04 1.373335690004751086e-04 1.372429833281785250e-04
1.288688940803695004e-04 1.206304586958140135e-04 1.202842977363616228e-04
1.182016990242118482e-04 1.168426824733614922e-04 1.163265478680841625e-04
1.161927593784639612e-04 1.165927824331447482e-04 1.160278916358947754e-04
1.161070690613996703e-04 1.169412789749912918e-04 1.163260167231783271e-04
1.214531830555642955e-04 1.532290771137923002e-04 1.522820239188149571e-04
6.420174731829320081e-04 8.217128925025463104e-04 8.208297658711671829e-04
3.444135581958107650e-04 2.525730524212121964e-04 2.513731596991419792e-04
1.638340277168026660e-04 1.326221827184781432e-04 1.317096757702529430e-04
1.237577553183655255e-04 1.221828133566305041e-04 1.213828363688662648e-04
1.144367397500900552e-04 1.181838306365534663e-04 1.174225908471271396e-04
1.126942065639013890e-04 1.091302474378608167e-04 1.085725962184369564e-04
1.096899331969325431e-04 1.085687545128166676e-04 1.079853609553538263e-04
1.079921507880499121e-04 1.076200496754609048e-04 1.070616053766570985e-04
1.074425335900741629e-04 1.108891010517254472e-04 1.101778761949390173e-04
3.213089171367755625e-04 1.605794648639857769e-03 1.606020377948880196e-03
8.639712377771502361e-04 3.827473265118896961e-04 3.816111129708588123e-04
2.246862836727814283e-04 1.262093865079805255e-04 1.252830261364579201e-04
1.230810312335961498e-04 1.091736485250294209e-04 1.087895943783223629e-04
1.061078055499820039e-04 1.030394196277484298e-04 1.024950470309704542e-04
1.025895044222124852e-04 1.030635612551122904e-04 1.024166849674656987e-04
1.022415503939555492e-04 1.029574777930974960e-04 1.022861542878672481e-04
1.019671885842399206e-04 1.011255881167016923e-04 1.005052326945587993e-04
1.009642469398386311e-04 1.001623604679480195e-04 9.958138252841308713e-05
9.979541800930746831e-05 9.968173253582790494e-05 9.906535706249997020e-05
9.935804291671956889e-05 1.005253579933196306e-04 9.983761992771178484e-05
1.299941191064135637e-04 3.342114505358040333e-04 3.329528262838721275e-04
9.292381055274745449e-04 6.985178333707153797e-04 7.017698953859508038e-04
2.717439856496639550e-04 1.015275702229700983e-04 1.010651394608430564e-04
1.227056773132062517e-04 1.229991903528571129e-04 1.220381527673453093e-04
1.050298910740821157e-04 1.039546987158246338e-04 1.031386345857754350e-04
9.780300069905933924e-05 9.880969446385279298e-05 9.805032459553331137e-05
9.558526198816252872e-05 9.731192403705790639e-05 9.656893962528556585e-05
9.491126320426701568e-05 9.371244232170283794e-05 9.306032734457403421e-05
9.364092466057627462e-05 9.261391824111342430e-05 9.203540685120970011e-05
9.223854704032419249e-05 9.210374992107972503e-05 9.147317177848890424e-05
9.171459714707452804e-05 9.188199328491464257e-05 9.122232586378231645e-05
9.646486023484612815e-05 1.327850332017987967e-04 1.317523419857025146e-04
9.860124146143789403e-04 2.299918269272893667e-04 2.288600662723183632e-04
3.808968485827790573e-04 2.849144511856138706e-04 2.860526437871158123e-04
1.461164620195631869e-04 1.087223645299673080e-04 1.077790511772036552e-04
1.015915422613034025e-04 9.131206752499565482e-05 9.056248381966724992e-05
9.009535870063700713e-05 8.741229976294562221e-05 8.684167551109567285e-05
8.713662737136473879e-05 8.684623026056215167e-05 8.620187145425006747e-05
8.642136845082859509e-05 8.704001811565831304e-05 8.635122503619641066e-05
8.612782130512641743e-05 8.666844223625957966e-05 8.597073610872030258e-05
8.580736448493553326e-05 8.508580503985285759e-05 8.443855040241032839e-05
8.496222244502860121e-05 8.427946158917620778e-05 8.367859118152409792e-05
8.399006492254557088e-05 8.376011101063340902e-05 8.313036232721060514e-05
8.342573710251599550e-05 8.319472544826567173e-05 8.256295404862612486e-05
8.295992120110895485e-05 8.428215369349345565e-05 8.357065962627530098e-05
2.185504545195726678e-04 1.255485112778842449e-03 1.255354378372430801e-03
1.167168581105215708e-03 4.127357387915253639e-04 4.117140779271721840e-04
2.460984496792661957e-04 1.015793386613950133e-04 1.013361761579290032e-04
1.087037949218938593e-04 8.266814984381198883e-05 8.195860573323443532e-05
8.566140922994236462e-05 8.135424286592751741e-05 8.063976565608754754e-05
8.046094581004581414e-05 7.903392543084919453e-05 7.844773062970489264e-05
7.869678211136488244e-05 7.871805428294464946e-05 7.805738277966156602e-05
7.824786507626413368e-05 7.874752191128209233e-05 7.805646600900217891e-05
7.789191158735775389e-05 7.855375588405877352e-05 7.785101479385048151e-05
7.751433849989552982e-05 7.781164458720013499e-05 7.711803482379764318e-05
7.712737942711100914e-05 7.634653593413531780e-05 7.571157038910314441e-05
7.627366312590311281e-05 7.575262861791998148e-05 7.514548633480444551e-05
7.552700526503031142e-05 7.525377441197633743e-05 7.463250221917405725e-05
7.500630681533948518e-05 7.474660378647968173e-05 7.412522973027080297e-05
7.450223347404971719e-05 7.421735790558159351e-05 7.361208554357290268e-05
7.896990700828609988e-05 1.176635123556479812e-04 1.177119047497399151e-04
1.436786863450834062e-03 1.508228946477174759e-03 1.508748508058488369e-03
6.151355237307143398e-04 2.854549384210258722e-04 2.866429858841001987e-04
1.458960496165673248e-04 1.045564931700937450e-04 1.044313685270026326e-04
8.794083169050281867e-05 7.476747850887477398e-05 7.404127973131835461e-05
7.459194239345379174e-05 7.424828072544187307e-05 7.351090607699006796e-05
7.185854974522953853e-05 7.078126509441062808e-05 7.017324969638139009e-05
7.057734001136850566e-05 7.055118476273491979e-05 6.989178655203431845e-05
7.015129631326999515e-05 6.997559103183448315e-05 6.932811811566352844e-05
6.967569106564042158e-05 6.959661550354212523e-05 6.894457328598946333e-05
6.926018795638810843e-05 6.914421101100742817e-05 6.849619239801540971e-05
6.883637252030894160e-05 6.879276043036952615e-05 6.813965592300519347e-05
6.844516337878303602e-05 6.847686745459213853e-05 6.781752017559483647e-05
6.807268982811365277e-05 6.825762102380394936e-05 6.758803647244349122e-05
6.773057020836859010e-05 6.809437036281451583e-05 6.741419929312542081e-05
6.743238554918207228e-05 6.751163164153695107e-05 6.683983519906178117e-05
6.711554078719927929e-05 6.650936848018318415e-05 6.588592077605426311e-05
6.646348401773138903e-05 6.608018156839534640e-05 6.547090742969885468e-05
6.593870557480840944e-05 6.567935633938759565e-05 6.506465433631092310e-05
6.552670083692646585e-05 6.527916411869227886e-05 6.466624472523108125e-05
6.536763294207048602e-05 6.600061897188425064e-05 6.547430530190467834e-05
2.289750391355482861e-04 1.401129760779440403e-03 1.406974275596439838e-03
1.099020108995318878e-03 4.380662576295435429e-04 4.397578304633498192e-04
1.987623709283070639e-04 1.219419427798129618e-04 1.209743495564907789e-04
9.030213186633773148e-05 6.904972542542964220e-05 6.862804002594202757e-05
6.810152899561217055e-05 6.344741996144875884e-05 6.279531953623518348e-05
6.394436150003457442e-05 6.387968460330739617e-05 6.318544910755008459e-05
6.294418426477932371e-05 6.243850657483562827e-05 6.179832416819408536e-05
6.229043128769262694e-05 6.218534690560773015e-05 6.153430877020582557e-05
6.195353398652514443e-05 6.209638377185910940e-05 6.142890924820676446e-05
6.171137533783621620e-05 6.183455116115510464e-05 6.116383883636444807e-05
6.148641182335268240e-05 6.109032983658835292e-05 6.044871406629681587e-05
6.107115541453822516e-05 6.065936759114265442e-05 6.005188697599805892e-05
6.055251242287340574e-05 6.032955570844933391e-05 5.970249185338616371e-05
6.023630453455552924e-05 5.997624612064100802e-05 5.936249363003298640e-05
6.008852437844325323e-05 6.042397944838739932e-05 5.987755866954103112e-05
1.236363839325349545e-04 5.714467260986566544e-04 5.739906337112188339e-04
1.100848828173184302e-03 1.234241644851863384e-04 1.224497391376644373e-04
2.035524130405974574e-04 1.058540801750496030e-04 1.058130001183599234e-04
8.470155171380611137e-05 7.584852573927491903e-05 7.499325147364288568e-05
6.429253562600933947e-05 6.118504825280979276e-05 6.070393283152952790e-05
5.915464953432092443e-05 5.843819235451519489e-05 5.777592741651460528e-05
5.825981338603014592e-05 5.838318975293077528e-05 5.770400457549840212e-05
5.785261942037323024e-05 5.781526488135568798e-05 5.715040970244444907e-05
5.749676074628951028e-05 5.760447311331517994e-05 5.693613638868555427e-05
5.725035111936449539e-05 5.728365431423299015e-05 5.661851537297479808e-05
5.705090461560757831e-05 5.661717295879498124e-05 5.598581628873944283e-05
5.666207152899005450e-05 5.632171814795583487e-05 5.571606379817239940e-05
5.624461073239217512e-05 5.603340105153620243e-05 5.541150676435790956e-05
5.597631184173224028e-05 5.575938484980724752e-05 5.514688018593005836e-05
5.595836364591377787e-05 5.677923763869330287e-05 5.625179983326233923e-05
1.749639211539033568e-04 9.954213164746761322e-04 9.997293818742036819e-04
9.852454338670213474e-04 1.485130778746679425e-04 1.487740810262039304e-04
1.775176019691571128e-04 5.571248766500502825e-05 5.516382952919229865e-05
7.584009267702640500e-05 6.085328641347587109e-05 6.010403012624010444e-05
5.875631791241175961e-05 5.661072646034881473e-05 5.610938751487992704e-05
5.507204878085758537e-05 5.448742376756854355e-05 5.383656025514937937e-05
5.442062547444947995e-05 5.460220563691109419e-05 5.393009269027970731e-05
5.413093413153546862e-05 5.425834388006478548e-05 5.359254646464250982e-05
5.386120278672024142e-05 5.395737389335408807e-05 5.329565829015336931e-05
5.366460050026944373e-05 5.338625487638637424e-05 5.274914656183682382e-05
5.338783626029908191e-05 5.305616650730371475e-05 5.245741340331733227e-05
5.296494373396853916e-05 5.278675234876573086e-05 5.217296347836963832e-05
5.273328406474320218e-05 5.258641249383799732e-05 5.199389852350577712e-05
5.284962662699399516e-05 5.389772923081181943e-05 5.338891060091555119e-05
1.239814639575342881e-04 5.656034918501973152e-04 5.681502516381442547e-04
8.691240445841685869e-04 2.064256550511345267e-04 2.054453943856060505e-04
1.537313560220354702e-04 1.197712408611550927e-04 1.199285834445618093e-04
7.404411712741421070e-05 5.253998097032308578e-05 5.189935473026707768e-05
5.586002203017415013e-05 5.583836900768801570e-05 5.509867332875728607e-05
5.270377414490212686e-05 5.197606878937222064e-05 5.130892532179132104e-05
5.148647164787689690e-05 5.141443034517578781e-05 5.076341039966791868e-05
5.108452569402288646e-05 5.115161184221506119e-05 5.050489198765717447e-05
5.091187153993814718e-05 5.057638554717414081e-05 4.996123607270419598e-05
5.061545834905700758e-05 5.035648064222186804e-05 4.977371645509265363e-05
5.024538177167414688e-05 5.007609433960169554e-05 4.947615525452420115e-05
5.003676369597087614e-05 4.990692832507193089e-05 4.932845331495627761e-05
5.093080608276068233e-05 5.588327985606156290e-05 5.549215347855351865e-05
4.088773389412381221e-04 1.847868436016142368e-03 1.855289912782609463e-03
5.975458582270221086e-04 2.576183760538697243e-04 2.586239133961498737e-04
1.115266113629331812e-04 7.982495299074798822e-05 7.897148316260427237e-05
6.449501802308077458e-05 5.147768388269469142e-05 5.079010588815435767e-05
5.150005813447933178e-05 4.950653237756341696e-05 4.896971950074657798e-05
4.920556011711596511e-05 4.874178193858824670e-05 4.816064029000699520e-05
4.867154848398058675e-05 4.856084342463873327e-05 4.794953201781027019e-05
4.851366793445777148e-05 4.834021456190384924e-05 4.773034743266180158e-05
4.834648530049889814e-05 4.806053038919344544e-05 4.747628190671093762e-05
4.804184618478757329e-05 4.785287819686345756e-05 4.727408668259158731e-05
4.780360700351593550e-05 4.765093763126060367e-05 4.707714469986967742e-05
4.770946497956174426e-05 4.792799154529348016e-05 4.739636642625555396e-05
6.075532883187406696e-05 1.361754402751103044e-04 1.365563221042975783e-04
7.980255527400004212e-04 3.266344720032066107e-04 3.255829797126352787e-04
2.787479468224773882e-04 7.875346636865288019e-05 7.791752432240173221e-05
8.062844244705047458e-05 6.418477278202772141e-05 6.397815741365775466e-05
5.317217028277809732e-05 5.240153404884040356e-05 5.167139170225709677e-05
4.861986803916806821e-05 4.689337220042943954e-05 4.626851296052336693e-05
4.682998428506834898e-05 4.640514816856011748e-05 4.582121255225501955e-05
