4.627406690269708633e-01 2.714978754520416260e-01 2.686370909214019775e-01
2.005755770951509476e-01 1.624416410923004150e-01 1.617854535579681396e-01
1.478649023920297623e-01 1.355769634246826172e-01 1.347345858812332153e-01
1.291805952787399292e-01 1.242773085832595825e-01 1.232245936989784241e-01
1.172742876224219799e-01 1.111698448657989502e-01 1.103752329945564270e-01
1.036920868791639805e-01 9.637136757373809814e-02 9.565661847591400146e-02
8.747845469042658806e-02 7.791581749916076660e-02 7.736348360776901245e-02
6.688901153393089771e-02 5.436933040618896484e-02 5.397261306643486023e-02
4.140883113723248243e-02 2.714942395687103271e-02 2.693527191877365112e-02
1.621544623048976064e-02 6.553501356393098831e-03 6.483151577413082123e-03
3.298507996078114957e-03 1.872037537395954132e-03 1.854104688391089439e-03
1.979873188247438520e-03 1.970421057194471359e-03 1.957975793629884720e-03
1.827581385441590101e-03 1.702062087133526802e-03 1.686267787590622902e-03
1.662456910707987845e-03 1.620432827621698380e-03 1.602844917215406895e-03
1.581639677169732749e-03 1.531763584353029728e-03 1.516017480753362179e-03
1.498444209573790431e-03 1.454584766179323196e-03 1.440689433366060257e-03
1.422658606315962970e-03 1.381188631057739258e-03 1.367829274386167526e-03
1.350831567833665758e-03 1.311301253736019135e-03 1.298777060583233833e-03
1.281688200833741575e-03 1.243721693754196167e-03 1.232089241966605186e-03
1.215050833707209677e-03 1.179592916741967201e-03 1.168995280750095844e-03
1.151197669969405979e-03 1.119648572057485580e-03 1.110136625356972218e-03
1.090172627300489694e-03 1.062727067619562149e-03 1.054252847097814083e-03
1.031691659591160715e-03 1.000700751319527626e-03 9.929254883900284767e-04
9.737382279126904905e-04 9.359932737424969673e-04 9.284435072913765907e-04
9.151006997853983194e-04 8.816309273242950439e-04 8.745645172894001007e-04
8.603202950325794518e-04 8.303261129185557365e-04 8.241834584623575211e-04
8.105076885840389878e-04 7.819776074029505253e-04 7.764224428683519363e-04
7.640595504199154675e-04 7.369730155915021896e-04 7.320252479985356331e-04
7.212244927359279245e-04 6.957573932595551014e-04 6.912630633451044559e-04
6.821456881880294532e-04 6.604890222661197186e-04 6.562618073076009750e-04
6.465120713983196765e-04 6.313325138762593269e-04 6.273332983255386353e-04
6.132342532509937882e-04 5.940371775068342686e-04 5.907197482883930206e-04
5.810341281176079065e-04 5.622311728075146675e-04 5.596585106104612350e-04
5.532648065127432346e-04 5.367682315409183502e-04 5.344325909391045570e-04
5.293655558489263058e-04 5.139068234711885452e-04 5.120093701407313347e-04
5.094622611068189144e-04 4.999561351723968983e-04 4.986397107131779194e-04
4.918315153190633282e-04 4.967634449712932110e-04 4.959408543072640896e-04
4.762572370964335278e-04 4.571899771690368652e-04 4.558571381494402885e-04
4.650481059798039496e-04 5.187431233935058117e-04 5.186781636439263821e-04
5.155117796675767750e-04 4.322418826632201672e-04 4.306972259655594826e-04
4.313567169447196648e-04 4.207086749374866486e-04 4.200190887786448002e-04
4.790481871168594807e-04 6.142104975879192352e-04 6.147859385237097740e-04
4.739579053421039134e-04 4.046602698508650064e-04 4.030267009511590004e-04
3.974190149165224284e-04 4.197767702862620354e-04 4.196989466436207294e-04
4.121161618968471885e-04 4.203653079457581043e-04 4.204216529615223408e-04
4.596528269757982343e-04 4.810482205357402563e-04 4.814601561520248652e-04
3.876474456774303690e-04 3.537826123647391796e-04 3.525374049786478281e-04
3.485309189272811636e-04 3.384092997293919325e-04 3.374090010765939951e-04
3.583422148949466646e-04 5.193486576899886131e-04 5.161637673154473305e-04
8.732863971090409905e-04 4.599914245773106813e-04 4.605249268934130669e-04
4.063047545059816912e-04 3.744765126612037420e-04 3.723162517417222261e-04
3.250066311011323705e-04 2.987959305755794048e-04 2.979910932481288910e-04
2.984010952786775306e-04 2.960162237286567688e-04 2.955639793071895838e-04
2.895797169912839308e-04 2.881130203604698181e-04 2.877241058740764856e-04
2.809097877616295591e-04 2.792323939502239227e-04 2.788671117741614580e-04
2.729161897150333971e-04 2.662480692379176617e-04 2.657080767676234245e-04
2.674383176781702787e-04 2.765620301943272352e-04 2.765099634416401386e-04
3.871841126965591684e-04 7.233766373246908188e-04 7.244590087793767452e-04
4.470381827559322119e-04 2.955608943011611700e-04 2.936830860562622547e-04
2.638563655636971816e-04 2.362564846407622099e-04 2.357769408263266087e-04
2.351395742152817547e-04 2.298864710610359907e-04 2.294920559506863356e-04
2.525651816540630534e-04 3.426282783038914204e-04 3.432989178691059351e-04
4.952329891239060089e-04 2.205068158218637109e-04 2.202342293458059430e-04
2.497764280633418821e-04 2.447119040880352259e-04 2.449351595714688301e-04
2.245258529001148418e-04 2.040602994384244084e-04 2.033545606536790729e-04
2.015304735323297791e-04 2.061549166683107615e-04 2.060628903564065695e-04
3.861890318148653023e-04 1.020106137730181217e-03 1.021245494484901428e-03
5.016934746890910901e-04 1.871097483672201633e-04 1.866634411271661520e-04
2.230142281405278482e-04 1.831776025937870145e-04 1.823405764298513532e-04
1.854319243648205884e-04 1.786111970432102680e-04 1.778092700988054276e-04
1.760349687174311839e-04 1.755513658281415701e-04 1.753475225996226072e-04
1.713748433758155443e-04 1.705972099443897605e-04 1.703955203993245959e-04
2.184136928917723708e-04 4.392266564536839724e-04 4.402289050631225109e-04
5.342233635019510984e-04 3.283307887613773346e-04 3.255581832490861416e-04
2.265908342451439239e-04 1.533267204649746418e-04 1.528101274743676186e-04
1.604929530003573745e-04 1.629776816116645932e-04 1.629024627618491650e-04
1.515282092441339046e-04 1.458295882912352681e-04 1.452485448680818081e-04
1.493168238084763288e-04 1.651008496992290020e-04 1.651399070397019386e-04
3.403725813768687658e-04 7.856556912884116173e-04 7.866310188546776772e-04
3.779268818107084371e-04 1.832081761676818132e-04 1.814496063161641359e-04
1.635212656765361317e-04 1.417263847542926669e-04 1.407508534612134099e-04
1.391754258293076418e-04 1.409732212778180838e-04 1.407989475410431623e-04
1.361254198855021968e-04 1.330831291852518916e-04 1.328016223851591349e-04
1.656554823057376780e-04 3.071582177653908730e-04 3.078386653214693069e-04
5.295691080391407013e-04 1.610587351024150848e-04 1.595862850081175566e-04
1.986303013836732134e-04 1.481220097048208117e-04 1.480915234424173832e-04
1.292088950322067831e-04 1.269727363251149654e-04 1.267218904104083776e-04
1.240366786987578962e-04 1.180242543341591954e-04 1.173870405182242393e-04
1.194232127090799622e-04 1.263531448785215616e-04 1.261716097360476851e-04
2.137724795829853974e-04 5.316918250173330307e-04 5.325104575604200363e-04
4.518596788329887204e-04 2.780187642201781273e-04 2.753349253907799721e-04
1.706790126263513230e-04 1.129084630520083010e-04 1.124318660004064441e-04
1.168315288850862999e-04 1.173996279248967767e-04 1.171485055238008499e-04
1.155913910224626306e-04 1.100246081477962434e-04 1.095839324989356101e-04
1.152002432718290947e-04 1.353828556602820754e-04 1.354000414721667767e-04
4.224853446430643089e-04 9.571836562827229500e-04 9.575675940141081810e-04
3.362388033565366641e-04 1.168581511592492461e-04 1.166453585028648376e-04
1.412443548360897694e-04 1.126506904256530106e-04 1.117275896831415594e-04
1.128849553424515761e-04 1.077817578334361315e-04 1.069914724212139845e-04
1.072417448995111044e-04 1.090843870770186186e-04 1.088168501155450940e-04
1.081516752492461819e-04 1.082019734894856811e-04 1.079459470929577947e-04
1.450883605684794020e-04 2.925788285210728645e-04 2.930997288785874844e-04
5.117285227242973633e-04 1.223256986122578382e-04 1.212107526953332126e-04
1.711440586404933129e-04 1.336768909823149443e-04 1.336879213340580463e-04
1.085343492377432995e-04 1.038712507579475641e-04 1.035540772136300802e-04
1.046892371050489601e-04 9.955459245247766376e-05 9.899456927087157965e-05
1.009248708214727230e-04 1.058007910614833236e-04 1.055832399288192391e-04
1.600004761712625623e-04 3.571633715182542801e-04 3.576498711481690407e-04
4.634294286915974226e-04 1.575063797645270824e-04 1.560186065034940839e-04
1.596948386577423662e-04 1.254927192348986864e-04 1.254522503586485982e-04
1.038147706822201144e-04 9.770717588253319263e-05 9.729275188874453306e-05
1.032178774948988575e-04 9.847732144407927990e-05 9.812593634705990553e-05
9.993582625611452386e-05 1.073440653271973133e-04 1.071973092621192336e-04
2.389249125371861737e-04 7.231010240502655506e-04 7.233149372041225433e-04
4.844175418838858604e-04 2.422033139737322927e-04 2.399397199042141438e-04
1.426960461685666814e-04 1.279651478398591280e-04 1.268498017452657223e-04
1.095381539926165715e-04 9.479103027842938900e-05 9.432197839487344027e-05
9.626919108995934948e-05 9.742478141561150551e-05 9.712680184748023748e-05
9.764096103026531637e-05 9.578799654264003038e-05 9.546762157697230577e-05
1.031618553497537505e-04 1.279241114389151335e-04 1.279477874049916863e-04
3.971958321926649660e-04 8.403030224144458771e-04 8.400548249483108521e-04
2.980889721584389918e-04 9.398577094543725252e-05 9.350475738756358624e-05
1.220822496179607697e-04 1.112204263336025178e-04 1.103245449485257268e-04
1.020267277453967836e-04 9.273824980482459068e-05 9.228747512679547071e-05
9.369933150082943030e-05 9.481910092290490866e-05 9.452380618313327432e-05
1.014346967167512048e-04 1.109637960325926542e-04 1.108692085836082697e-04
1.917078229780599941e-04 4.462109063751995564e-04 4.463661462068557739e-04
3.787218938668956980e-04 1.765261986292898655e-04 1.750444789649918675e-04
1.376930504193296656e-04 1.165067587862722576e-04 1.164048226200975478e-04
9.673067597759654745e-05 9.173152648145332932e-05 9.124838106799870729e-05
9.857208760877256282e-05 1.074715110007673502e-04 1.073333405656740069e-04
1.433177485523629002e-04 2.568445634096860886e-04 2.569961652625352144e-04
3.947644472646061331e-04 1.104403054341673851e-04 1.102189999073743820e-04
1.203121860271494370e-04 1.031583815347403288e-04 1.030172934406436980e-04
1.047632504196371883e-04 9.123560448642820120e-05 9.073968976736068726e-05
9.156075702776433900e-05 9.375392255606129766e-05 9.350402979180216789e-05
1.410377503816562239e-04 3.224061510991305113e-04 3.224600804969668388e-04
4.895942665825714357e-04 1.443180808564648032e-04 1.431974233128130436e-04
1.587264941917965189e-04 1.050456703524105251e-04 1.048550475388765335e-04
9.664543767939903773e-05 9.758885425981134176e-05 9.735857020132243633e-05
9.282126075049745850e-05 8.981862629298120737e-05 8.936107769841328263e-05
9.183715201288578101e-05 9.639760537538677454e-05 9.619437332730740309e-05
1.151604833466990385e-04 1.724870817270129919e-04 1.725026231724768877e-04
4.082505256519652903e-04 3.622141084633767605e-04 3.619524650275707245e-04
1.567820022501109634e-04 9.034254617290571332e-05 9.002554725157096982e-05
1.051772892424196471e-04 9.514434350421652198e-05 9.455581312067806721e-05
9.291025844504474662e-05 9.744385897647589445e-05 9.724612027639523149e-05
1.047967220983991865e-04 1.181878178613260388e-04 1.180835533887147903e-04
2.298289323334756773e-04 5.160551518201828003e-04 5.156729603186249733e-04
3.061917500417621341e-04 1.778807491064071655e-04 1.765709312167018652e-04
1.218517695633636322e-04 1.030122366501018405e-04 1.028011174639686942e-04
9.073399087355937809e-05 8.754411828704178333e-05 8.714772411622107029e-05
9.496835491518140770e-05 1.103465401683934033e-04 1.102094392990693450e-04
2.042786136371432804e-04 4.696812247857451439e-04 4.692772636190056801e-04
3.280415730841923505e-04 1.713786768959835172e-04 1.701729488559067249e-04
1.241910190401540603e-04 1.064533280441537499e-04 1.062576629919931293e-04
9.084124485525535420e-05 8.697147131897509098e-05 8.657130820211023092e-05
9.342945804746705107e-05 1.051743893185630441e-04 1.050116115948185325e-04
1.646232426537608262e-04 3.463103203102946281e-04 3.460284497123211622e-04
3.485768943392031360e-04 1.062004739651456475e-04 1.055064203683286905e-04
1.181327756967220921e-04 1.151858668890781701e-04 1.150392054114490747e-04
9.496134816799894907e-05 8.840592636261135340e-05 8.795309986453503370e-05
8.881361736712278798e-05 9.663950913818553090e-05 9.644273086450994015e-05
1.632926610000140499e-04 3.843553713522851467e-04 3.839549899566918612e-04
3.858063546431367286e-04 1.532238384243100882e-04 1.522368402220308781e-04
1.323026717727771029e-04 1.061713701346889138e-04 1.059571659425273538e-04
9.040608938448713161e-05 8.557762339478358626e-05 8.523860742570832372e-05
9.103472939386847429e-05 8.877755317371338606e-05 8.851814345689490438e-05
9.059108970177476294e-05 1.007009414024651051e-04 1.005206358968280256e-04
2.432729879728867672e-04 6.963281193748116493e-04 6.952002295292913914e-04
3.916539380952599458e-04 1.737942802719771862e-04 1.726189366308972239e-04
1.177886601908539888e-04 1.095788902603089809e-04 1.088723656721413136e-04
9.636344611863023601e-05 8.574590174248442054e-05 8.541639545001089573e-05
8.548243658879073337e-05 8.598642307333648205e-05 8.571134094381704926e-05
8.805143852441688068e-05 8.749176049605011940e-05 8.725064981263130903e-05
9.565514437781530432e-05 1.245163148269057274e-04 1.243622973561286926e-04
3.725638434843858704e-04 6.672949530184268951e-04 6.659560021944344044e-04
2.313369845978741068e-04 8.623764733783900738e-05 8.593372331233695149e-05
1.073148837349435780e-04 9.938936273101717234e-05 9.880937432171776891e-05
9.148391382041154429e-05 8.420479571213945746e-05 8.389970025746151805e-05
8.432741469732718542e-05 8.494196663377806544e-05 8.469692693324759603e-05
9.115279044635826722e-05 1.008867257041856647e-04 1.007217360893264413e-04
1.752716129885811824e-04 4.076467594131827354e-04 4.069874703418463469e-04
3.357478617544984445e-04 1.558470685267820954e-04 1.550137676531448960e-04
1.213457990161259659e-04 1.008650579024106264e-04 1.006702877930365503e-04
8.728382999834138900e-05 8.303605864057317376e-05 8.275280561065301299e-05
8.925209431254188530e-05 9.258064528694376349e-05 9.241042425855994225e-05
1.043247098095889669e-04 1.466982066631317139e-04 1.465331588406115770e-04
3.639262058641179465e-04 4.175478825345635414e-04 4.166594881098717451e-04
1.621466085452993866e-04 8.375536708626896143e-05 8.351266296813264489e-05
9.899131964630214497e-05 9.326668077846989036e-05 9.284786938223987818e-05
8.843454952511820011e-05 9.172988211503252387e-05 9.156393934972584248e-05
8.868413215168402530e-05 8.729664841666817665e-05 8.714584691915661097e-05
1.110251419049745891e-04 2.022306725848466158e-04 2.019968233071267605e-04
4.389064497445360757e-04 1.038280897773802280e-04 1.035459572449326515e-04
1.330347313341917470e-04 1.359194284304976463e-04 1.357382279820740223e-04
9.505956586508546025e-05 8.287842501886188984e-05 8.266583608929067850e-05
8.573641798648168333e-05 8.257226727437227964e-05 8.233581320382654667e-05
8.326847137141157873e-05 8.640932355774566531e-05 8.626951603218913078e-05
9.566605740474187769e-05 1.193490752484649420e-04 1.192170457215979695e-04
2.733938645178568549e-04 5.263605853542685509e-04 5.251581314951181412e-04
2.227137169938941952e-04 1.170313407783396542e-04 1.164953355328179896e-04
9.946487671186332591e-05 8.148404594976454973e-05 8.124190935632213950e-05
8.401695640714024194e-05 8.444652485195547342e-05 8.428553701378405094e-05
9.090924550037016161e-05 9.650884021539241076e-05 9.637250332161784172e-05
1.368959437968442217e-04 2.693815913517028093e-04 2.688964013941586018e-04
3.296919940112275071e-04 8.292560960398986936e-05 8.265231736004352570e-05
1.077253709809156135e-04 1.096372652682475746e-04 1.094743784051388502e-04
9.084382691071368754e-05 8.445315324934199452e-05 8.418341894866898656e-05
8.361805066670058295e-05 8.970947237685322762e-05 8.957347017712891102e-05
1.181623729280545376e-04 2.047037705779075623e-04 2.043421554844826460e-04
3.374538928255788051e-04 1.197059609694406390e-04 1.193973221234045923e-04
1.065452142938738689e-04 9.506326023256406188e-05 9.489616786595433950e-05
9.319728678747196682e-05 8.422591054113581777e-05 8.395547047257423401e-05
8.253198529928340577e-05 8.553550287615507841e-05 8.539540431229397655e-05
1.071375372703187168e-04 1.693581289146095514e-04 1.690649223746731877e-04
3.362342995387734845e-04 2.152870874851942062e-04 2.147024351870641112e-04
1.179465743916807696e-04 8.506776794092729688e-05 8.488429011777043343e-05
9.332553418062161654e-05 8.404456457355991006e-05 8.377315680263563991e-05
8.238511145464144647e-05 8.488956518704071641e-05 8.474811329506337643e-05
9.730390866025118157e-05 1.267176412511616945e-04 1.265061146114021540e-04
2.705104434426175430e-04 4.249018966220319271e-04 4.237221437506377697e-04
1.753774972712562885e-04 1.007723403745330870e-04 1.004063669824972749e-04
9.419951265954296105e-05 8.011708268895745277e-05 7.993129838723689318e-05
8.035168639253242873e-05 7.920799544081091881e-05 7.904913218226283789e-05
8.952610505730262958e-05 1.157750957645475864e-04 1.155890204245224595e-04
2.720428215070569422e-04 4.972638562321662903e-04 4.958324134349822998e-04
2.014437413890846074e-04 9.672357555245980620e-05 9.638057235861197114e-05
9.409489985046093352e-05 8.084504224825650454e-05 8.060707477852702141e-05
8.190975040633929893e-05 8.369249553652480245e-05 8.354768215212970972e-05
8.516794014212791808e-05 8.499585965182632208e-05 8.485310536343604326e-05
1.046725915330171119e-04 1.786124339560046792e-04 1.782441977411508560e-04
3.705948329297825694e-04 1.242229918716475368e-04 1.238446275237947702e-04
1.166200581792509183e-04 1.236297539435327053e-04 1.233374350704252720e-04
9.241540965376771055e-05 7.887771062087267637e-05 7.866447413107380271e-05
8.227031776186777279e-05 7.822355837561190128e-05 7.807547808624804020e-05
7.833146901248255745e-05 7.929983257781714201e-05 7.917200855445116758e-05
9.433135028302785940e-05 1.458710175938904285e-04 1.455956371501088142e-04
3.691932970468769781e-04 2.494276850484311581e-04 2.486268931534141302e-04
1.295549695896625053e-04 1.196520897792652249e-04 1.193489588331431150e-04
9.512132328381994739e-05 7.919989002402871847e-05 7.899110642028972507e-05
8.175405855581630021e-05 7.780977466609328985e-05 7.765692862449213862e-05
7.819976644896087237e-05 7.922930672066286206e-05 7.911081775091588497e-05
8.779626887189806439e-05 1.083416791516356170e-04 1.081681402865797281e-04
2.426037235636613332e-04 4.700356512330472469e-04 4.685851745307445526e-04
2.033153141383081675e-04 1.056215551216155291e-04 1.053043015417642891e-04
9.289854688177001663e-05 7.771900709485635161e-05 7.756116974633187056e-05
7.921968153823399916e-05 8.053681813180446625e-05 8.041133696679025888e-05
8.419299501838395372e-05 8.632198296254500747e-05 8.620863081887364388e-05
1.199943849314877298e-04 2.241274632979184389e-04 2.237336011603474617e-04
