3.499145125970244408e-01 1.964335739612579346e-01 2.001541852951049805e-01
1.633937340229749680e-01 1.354253888130187988e-01 1.356972008943557739e-01
1.250573480501770973e-01 1.162077486515045166e-01 1.172906309366226196e-01
1.104813166894018650e-01 1.020702198147773743e-01 1.026826128363609314e-01
9.597980277612805367e-02 8.781075477600097656e-02 8.838213980197906494e-02
8.132728002965450287e-02 7.266561686992645264e-02 7.306824624538421631e-02
6.529782712459564209e-02 5.588832125067710876e-02 5.616034567356109619e-02
4.776375577785074711e-02 3.791902959346771240e-02 3.806987404823303223e-02
2.989305590745061636e-02 2.097934111952781677e-02 2.105631493031978607e-02
1.493620336987078190e-02 9.156664833426475525e-03 9.190494194626808167e-03
6.451405264670029283e-03 4.391208291053771973e-03 4.401715938001871109e-03
3.861221717670559883e-03 3.497323486953973770e-03 3.496661316603422165e-03
3.381063681445084512e-03 3.205994609743356705e-03 3.201968967914581299e-03
3.082243536482565105e-03 2.918743062764406204e-03 2.915132325142621994e-03
2.815443891449831426e-03 2.679735887795686722e-03 2.676064614206552505e-03
2.598053659312427044e-03 2.482718322426080704e-03 2.477942733094096184e-03
2.415609575109556317e-03 2.317910082638263702e-03 2.312502358108758926e-03
2.260261782794259489e-03 2.175125060603022575e-03 2.169427927583456039e-03
2.124121034285053611e-03 2.047968562692403793e-03 2.042128704488277435e-03
2.001792279770597816e-03 1.931859645992517471e-03 1.926211640238761902e-03
1.888740698632318527e-03 1.822756137698888779e-03 1.817583339288830757e-03
1.781567225407343358e-03 1.717899576760828495e-03 1.713491743430495262e-03
1.677872882282827049e-03 1.615473767742514610e-03 1.612075138837099075e-03
1.576202434080187231e-03 1.514530507847666740e-03 1.512322807684540749e-03
1.475883043895009905e-03 1.414846861734986305e-03 1.413938240148127079e-03
1.376849526423029602e-03 1.316657057031989098e-03 1.317091519013047218e-03
1.279459647776093334e-03 1.220248988829553127e-03 1.222031889483332634e-03
1.184305372589733452e-03 1.126204733736813068e-03 1.129303593188524246e-03
1.092115708161145449e-03 1.035911380313336849e-03 1.040168921463191509e-03
1.003824781946605071e-03 9.501413442194461823e-04 9.552740957587957382e-04
9.202667934005148709e-04 8.693088311702013016e-04 8.751031709834933281e-04
8.418142388109117746e-04 7.938288035802543163e-04 8.000833913683891296e-04
7.688363693887367845e-04 7.239788537845015526e-04 7.305009057745337486e-04
7.015503033471759409e-04 6.599037442356348038e-04 6.665296386927366257e-04
6.400603815563954413e-04 6.017158739268779755e-04 6.083073094487190247e-04
5.843707294843625277e-04 5.496195517480373383e-04 5.560598801821470261e-04
5.344066121324431151e-04 5.039423704147338867e-04 5.101416027173399925e-04
4.899657196801854298e-04 4.645010922104120255e-04 4.704141756519675255e-04
4.506500645220512524e-04 4.288615018595010042e-04 4.345132329035550356e-04
4.157463008596096188e-04 3.937428700737655163e-04 3.992192796431481838e-04
3.842948062811046839e-04 3.618972550611943007e-04 3.672598395496606827e-04
3.561416506272507831e-04 3.365562297403812408e-04 3.417295520193874836e-04
3.320943778817309067e-04 3.152296412736177444e-04 3.201131185051053762e-04
3.118071290373336524e-04 2.967104665003716946e-04 3.013322711922228336e-04
2.942010851256782189e-04 2.806807751767337322e-04 2.850471064448356628e-04
2.789181162370368838e-04 2.667683293111622334e-04 2.708829124458134174e-04
2.656170054251560941e-04 2.546545583754777908e-04 2.585271140560507774e-04
2.539890574553282931e-04 2.440776734147220850e-04 2.477194066159427166e-04
2.437772172925178893e-04 2.348237467231228948e-04 2.382470120210200548e-04
2.347639556319336407e-04 2.267583477078005672e-04 2.299781481269747019e-04
2.267668514832621440e-04 2.198118017986416817e-04 2.228443772764876485e-04
2.196259320044191554e-04 2.138575655408203602e-04 2.167149941669777036e-04
2.131993414877797477e-04 2.083434374071657658e-04 2.110210334649309516e-04
2.073705782095203176e-04 2.023824781645089388e-04 2.048515016213059425e-04
2.019950034082285129e-04 1.964465918717905879e-04 1.986914139706641436e-04
1.969516215467592701e-04 1.917077024700120091e-04 1.937731722136959434e-04
1.923270419865730219e-04 1.878729672171175480e-04 1.898003392852842808e-04
1.882742826637695543e-04 1.841450721258297563e-04 1.859293697634711862e-04
1.846285349529352970e-04 1.810326648410409689e-04 1.826953521231189370e-04
1.814548613765509799e-04 1.782813924364745617e-04 1.798310549929738045e-04
1.789005737009574659e-04 1.757307327352464199e-04 1.771714596543461084e-04
1.773395924828946590e-04 1.722927845548838377e-04 1.735997211653739214e-04
1.771124307197169401e-04 1.673829974606633186e-04 1.684913877397775650e-04
1.774245147316833027e-04 1.666877651587128639e-04 1.675524254096671939e-04
1.754159338815952651e-04 1.750509254634380341e-04 1.757262944011017680e-04
1.699458698567468673e-04 1.729428331600502133e-04 1.735271071083843708e-04
1.633326173759996891e-04 1.588537415955215693e-04 1.594621571712195873e-04
1.583780431246850640e-04 1.582437398610636592e-04 1.587522710906341672e-04
1.575539981786278076e-04 1.663089060457423329e-04 1.666742173256352544e-04
2.816007436194922775e-04 4.628450260497629642e-04 4.638393293134868145e-04
2.349938158658915199e-04 1.880803756648674607e-04 1.882382784970104694e-04
1.642931938476976939e-04 1.470247225370258093e-04 1.473500597057864070e-04
1.479139709772425704e-04 1.475927274441346526e-04 1.478056074120104313e-04
1.468607979404623620e-04 1.433204306522384286e-04 1.435652957297861576e-04
1.471569294153596275e-04 1.513421448180451989e-04 1.518003700766712427e-04
4.549012110146577470e-04 6.923010805621743202e-04 6.971118855290114880e-04
2.848078083843574859e-04 2.294667356181889772e-04 2.306903479620814323e-04
1.787742285159765743e-04 1.392086269333958626e-04 1.394094724673777819e-04
1.525816278444835916e-04 1.512712333351373672e-04 1.511479786131531000e-04
1.421067227056482807e-04 1.351078099105507135e-04 1.350430102320387959e-04
1.349841104456572793e-04 1.343556650681421161e-04 1.342620817013084888e-04
1.331339381067664362e-04 1.310405641561374068e-04 1.309961662627756596e-04
1.574017624079715461e-04 3.366867604199796915e-04 3.385941963642835617e-04
1.053685541592130903e-03 7.677084067836403847e-04 7.702244911342859268e-04
3.248807570344069973e-04 2.329373091924935579e-04 2.339683123864233494e-04
1.781242963261320256e-04 1.266078761545941234e-04 1.264664460904896259e-04
1.305719169977237470e-04 1.276925468118861318e-04 1.274167880183085799e-04
1.269895310542779043e-04 1.233909133588895202e-04 1.231826463481411338e-04
1.261219440493732691e-04 1.223121362272650003e-04 1.220860140165314078e-04
1.255300339835230261e-04 1.231645437655970454e-04 1.228740293299779296e-04
1.242269022441178095e-04 1.251442881766706705e-04 1.248155167559161782e-04
1.221312645611760672e-04 1.192541967611759901e-04 1.189977483591064811e-04
1.197121919176424854e-04 1.184868378913961351e-04 1.182088890345767140e-04
1.191593860312423203e-04 1.189155882457271218e-04 1.187296147691085935e-04
2.963872552754764911e-04 1.414043013937771320e-03 1.422773231752216816e-03
1.094610039217513986e-03 3.368703182786703110e-04 3.383054863661527634e-04
2.645506656335783191e-04 1.336111163254827261e-04 1.336043351329863071e-04
1.312602653342764825e-04 1.268088672077283263e-04 1.262995938304811716e-04
1.189102654279849958e-04 1.127575669670477509e-04 1.123738111346028745e-04
1.152019772234780248e-04 1.117737920139916241e-04 1.114174301619641483e-04
1.139036671702342574e-04 1.111527453758753836e-04 1.107635180233046412e-04
1.129450583903235383e-04 1.127602445194497705e-04 1.123312540585175157e-04
1.117217348109988961e-04 1.099889923352748156e-04 1.095851766876876354e-04
1.098792008633608930e-04 1.085950207198038697e-04 1.082227827282622457e-04
1.098285147236310877e-04 1.095229672500863671e-04 1.092290840460918844e-04
1.578653332217072602e-04 4.192293272353708744e-04 4.214145883452147245e-04
1.007416569336783141e-03 8.292827405966818333e-04 8.320207125507295132e-04
3.288924222033529077e-04 1.446451351512223482e-04 1.440686464775353670e-04
1.407009895046940073e-04 1.155140198534354568e-04 1.153146804426796734e-04
1.150606844930734951e-04 1.104340626625344157e-04 1.101549714803695679e-04
1.071449214578024112e-04 1.043842930812388659e-04 1.039978378685191274e-04
1.051343010658456478e-04 1.034897140925750136e-04 1.030357161653228104e-04
1.041604382407967933e-04 1.034670276567339897e-04 1.030037528835237026e-04
1.031200426950817928e-04 1.018360635498538613e-04 1.014313966152258217e-04
1.025954989017918706e-04 1.015496527543291450e-04 1.011682834359817207e-04
1.097310246223059949e-04 1.454624580219388008e-04 1.456113095628097653e-04
9.814323484533815645e-04 6.990163819864392281e-04 7.032225257717072964e-04
3.552131674950942397e-04 1.005013036774471402e-04 1.000476404442451894e-04
1.392200711052282713e-04 1.279026619158685207e-04 1.272508379770442843e-04
1.106521899600920733e-04 1.059349015122279525e-04 1.053779124049469829e-04
1.019193400679796468e-04 1.003881334327161312e-04 9.985877113649621606e-05
9.945426745616714470e-05 9.891945956042036414e-05 9.841614519245922565e-05
9.829631017055362463e-05 9.688206773716956377e-05 9.642359509598463774e-05
9.720837442728225142e-05 9.629227861296385527e-05 9.585520456312224269e-05
9.693336096461280249e-05 9.614363079890608788e-05 9.573826537234708667e-05
1.010299561130523216e-04 1.200185215566307306e-04 1.199514372274279594e-04
7.969911816871899646e-04 1.942252507433295250e-03 1.954183215275406837e-03
5.749506099164136685e-04 2.596518606878817081e-04 2.607288188301026821e-04
1.556982751935720444e-04 1.098801221814937890e-04 1.092046804842539132e-04
1.086698111976147629e-04 1.036542598740197718e-04 1.030760759022086859e-04
9.754224356584018096e-05 9.456464613322168589e-05 9.403574222233146429e-05
9.448630544284242205e-05 9.342848352389410138e-05 9.292787581216543913e-05
9.342444582216558047e-05 9.270106966141611338e-05 9.221616346621885896e-05
9.277439085053629242e-05 9.171977580990642309e-05 9.127290104515850544e-05
9.207972880176384933e-05 9.128399688052013516e-05 9.084331395570188761e-05
9.185356930174748413e-05 9.140474139712750912e-05 9.100336319534108043e-05
9.959975977835711092e-05 1.397178566548973322e-04 1.398680324200540781e-04
1.015684554658946581e-03 6.344695575535297394e-04 6.382420542649924755e-04
3.478900625850656070e-04 1.027104444801807404e-04 1.020201307255774736e-04
1.398878125655755866e-04 1.263169397134333849e-04 1.256807008758187294e-04
1.016614401123661082e-04 8.971158240456134081e-05 8.921357220970094204e-05
9.144179057329893112e-05 8.860106026986613870e-05 8.813750173430889845e-05
8.940582938521401957e-05 8.817991329124197364e-05 8.772191358730196953e-05
8.864589426593738608e-05 8.790581341600045562e-05 8.744561637286096811e-05
8.821883011478348635e-05 8.736624295124784112e-05 8.693145355209708214e-05
8.772390128797269426e-05 8.699102909304201603e-05 8.656587306177243590e-05
8.748923528401064686e-05 8.706759399501606822e-05 8.667475049151107669e-05
9.271753697248641402e-05 1.201267587020993233e-04 1.201483464683406055e-04
9.450599977753881831e-04 1.380698755383491516e-03 1.389373210258781910e-03
4.503347922764078248e-04 8.770773274591192603e-05 8.724643703317269683e-05
1.407374375048675574e-04 1.289631181862205267e-04 1.283496821997687221e-04
9.905257547870860435e-05 8.508310565957799554e-05 8.464672282570973039e-05
8.737852567719528452e-05 8.589736535213887691e-05 8.550121856387704611e-05
8.533523077858262695e-05 8.447063737548887730e-05 8.406367851421236992e-05
8.457869944322737865e-05 8.384104876313358545e-05 8.342230285052210093e-05
8.415957927354611456e-05 8.344184607267379761e-05 8.302419882966205478e-05
8.379849077755352482e-05 8.310649718623608351e-05 8.270046237157657743e-05
8.343276340383454226e-05 8.275680738734081388e-05 8.235863788286224008e-05
8.319011703861178830e-05 8.291947597172111273e-05 8.255365537479519844e-05
9.178134450849029236e-05 1.429821568308398128e-04 1.432574936188757420e-04
1.092873470042832196e-03 1.541545352665707469e-04 1.544714614283293486e-04
3.262788031861418858e-04 2.665505162440240383e-04 2.662725746631622314e-04
1.437860355508746579e-04 8.479969255859032273e-05 8.446272113360464573e-05
9.136795461017754860e-05 8.622329187346622348e-05 8.592403173679485917e-05
8.304800030600745231e-05 8.063783025136217475e-05 8.020547102205455303e-05
8.135438520184834488e-05 8.044261630857363343e-05 8.001604146556928754e-05
8.068361194091266952e-05 7.985926640685647726e-05 7.944962999317795038e-05
8.023518876143498346e-05 7.941196236060932279e-05 7.902487413957715034e-05
7.981775797816226259e-05 7.922281656647101045e-05 7.885780360084027052e-05
7.940236628201091662e-05 7.872480637161061168e-05 7.835529686417430639e-05
7.905220945758628659e-05 7.850307156331837177e-05 7.815032586222514510e-05
7.908492307251435705e-05 8.005043491721153259e-05 7.975933112902566791e-05
1.378137781102850568e-04 5.231274990364909172e-04 5.261291516944766045e-04
1.191842209209426073e-03 5.605255137197673321e-04 5.626090569421648979e-04
2.376160623498435598e-04 1.948306598933413625e-04 1.956756459549069405e-04
1.145470532719627954e-04 8.682843326823785901e-05 8.636222628410905600e-05
8.547247489332221448e-05 7.719769928371533751e-05 7.677469693589955568e-05
7.775305266477516852e-05 7.690499478485435247e-05 7.657317473785951734e-05
7.670046079510939308e-05 7.587997242808341980e-05 7.552718307124450803e-05
7.625397847732529044e-05 7.548586290795356035e-05 7.512806769227609038e-05
7.591420626340550371e-05 7.514225580962374806e-05 7.479730265913531184e-05
7.556223317806143314e-05 7.495171303162351251e-05 7.462722714990377426e-05
7.515684228565078229e-05 7.453806028934195638e-05 7.421759801218286157e-05
7.476287964891525917e-05 7.405821088468655944e-05 7.373610424110665917e-05
7.439949604304274544e-05 7.375141285592690110e-05 7.344021287281066179e-05
7.452987347278394736e-05 7.651684427401050925e-05 7.628952880622819066e-05
2.398568340140627697e-04 1.350730424746870995e-03 1.359198475256562233e-03
1.166541348993632710e-03 3.722659894265234470e-04 3.740636748261749744e-04
2.208249488830915652e-04 1.075588224921375513e-04 1.069577629095874727e-04
1.019564829221053515e-04 7.744634785922244191e-05 7.722535519860684872e-05
7.754665693937567994e-05 7.200219260994344950e-05 7.164081034716218710e-05
7.341927585002849810e-05 7.211632328107953072e-05 7.177279621828347445e-05
7.203497625596355647e-05 7.114902109606191516e-05 7.083003583829849958e-05
7.149994326027808711e-05 7.077022019075229764e-05 7.045628444757312536e-05
7.118271196304704063e-05 7.041282515274360776e-05 7.010046829236671329e-05
7.087008361850166693e-05 7.006744272075593472e-05 6.976963777560740709e-05
7.052904402371495962e-05 6.993238639552146196e-05 6.965728971408680081e-05
7.010115768935065717e-05 6.951481191208586097e-05 6.924491754034534097e-05
6.965699321881402284e-05 6.897766434121876955e-05 6.870309152873232961e-05
6.926545938767958432e-05 6.863248563604429364e-05 6.836618558736518025e-05
6.894537682455847971e-05 6.867523188702762127e-05 6.843580922577530146e-05
8.442414855380775407e-05 2.075707598123699427e-04 2.085724263451993465e-04
1.291146758831018815e-03 1.314340857788920403e-03 1.321085379458963871e-03
4.191953153167560231e-04 2.849399461410939693e-04 2.867680450435727835e-04
1.293373820772103500e-04 7.103404641384258866e-05 7.072912558214738965e-05
7.571489459223812446e-05 6.941526226000860333e-05 6.903991743456572294e-05
6.944853930690442212e-05 6.773945642635226250e-05 6.752107583452016115e-05
6.713375614708638750e-05 6.646662222919985652e-05 6.617102189920842648e-05
6.649311262663104571e-05 6.570094410562887788e-05 6.543961353600025177e-05
6.595460718017420731e-05 6.531371764140203595e-05 6.504753400804474950e-05
6.561322743436903693e-05 6.495210982393473387e-05 6.469089566962793469e-05
6.522592275359784253e-05 6.455958646256476641e-05 6.430530629586428404e-05
6.487088649009820074e-05 6.416588439606130123e-05 6.391981150954961777e-05
6.455459697463084012e-05 6.377592944772914052e-05 6.354294600896537304e-05
6.424786943171056919e-05 6.360853876685723662e-05 6.339739775285124779e-05
6.384539892678731121e-05 6.338726234389469028e-05 6.318889791145920753e-05
6.337712784443283454e-05 6.266343552852049470e-05 6.245333497645333409e-05
6.292907710303552449e-05 6.233927706489339471e-05 6.213963206391781569e-05
6.255713105929316953e-05 6.197745096869766712e-05 6.178490002639591694e-05
6.249757848308945540e-05 6.429638597182929516e-05 6.417449185391888022e-05
3.575494242795684841e-04 2.423350932076573372e-03 2.439500298351049423e-03
1.258518512713635573e-03 1.791172689991071820e-04 1.801398175302892923e-04
1.744948253872280475e-04 1.053663436323404312e-04 1.056481269188225269e-04
8.483158080707653426e-05 7.122950046323239803e-05 7.093531894497573376e-05
6.443587653848226182e-05 6.017483974574133754e-05 5.995530955260619521e-05
6.129843905000598170e-05 5.999107088427990675e-05 5.980993955745361745e-05
5.999787140353873838e-05 5.941480048932135105e-05 5.919816612731665373e-05
5.954749394732061774e-05 5.883557605557143688e-05 5.863990372745320201e-05
5.907480385758390184e-05 5.846023850608617067e-05 5.826319829793646932e-05
5.870839413546491414e-05 5.806907574879005551e-05 5.787851841887459159e-05
5.831146609125426039e-05 5.768138726125471294e-05 5.749732736148871481e-05
5.795186393697804306e-05 5.730233533540740609e-05 5.712494021281599998e-05
5.762366026829113252e-05 5.690472607966512442e-05 5.673726627719588578e-05
5.732942076974723022e-05 5.660382885253056884e-05 5.645357668981887400e-05
5.699550979443301912e-05 5.664231866830959916e-05 5.651418541674502194e-05
5.653464108945627231e-05 5.602874080068431795e-05 5.589909414993599057e-05
5.600128542937454768e-05 5.544318628381006420e-05 5.530937414732761681e-05
5.561144917010096833e-05 5.497853999258950353e-05 5.484326175064779818e-05
5.548127683141501620e-05 5.572328154812566936e-05 5.556672840612009168e-05
1.297684555083833402e-04 6.299683009274303913e-04 6.325881113298237324e-04
9.945551501004956663e-04 6.157835741760209203e-05 6.143164500826969743e-05
1.645573688620061148e-04 7.308904605451971292e-05 7.298976561287418008e-05
7.000784717092756182e-05 5.889892418053932488e-05 5.886774670216254890e-05
5.683981748916266952e-05 5.580983997788280249e-05 5.565634273807518184e-05
5.384073074310435914e-05 5.265062645776197314e-05 5.253979179542511702e-05
5.271598229228402488e-05 5.210478775552473962e-05 5.197971040615811944e-05
5.237864138507575262e-05 5.174897887627594173e-05 5.162426168681122363e-05
5.201674707677739207e-05 5.130208592163398862e-05 5.118319313623942435e-05
5.168270831745758187e-05 5.087165482109412551e-05 5.076511297374963760e-05
5.135891296959016472e-05 5.085898374090902507e-05 5.077280002296902239e-05
